# 0.000280158374134
& 15 9
-4.64575852218 -4.46944659639 -3.69563836149 8.28556317305 -0.296996061137 -3.72203837763 -3.90699022471 -4.48694386263 -3.70284158618
-5.16811420428 10.0069701202 -4.30177656715 -4.94550918622 -0.584526274486 -4.33030671054 -4.69366761769 -5.04737839864 -4.26235363447
-3.72687663842 -2.31108043926 -3.41546446947 -2.83227826157 -0.862212663178 -4.1654503429 2.69130179924 -2.53903377303 -4.76526688054
-4.49295112481 -3.10019547184 -5.62905631374 -3.76094645821 -4.09088753313 -5.81428270138 -4.19549213783 -3.42475085741 3.9856537348
8.26553193461 -4.44479455431 -3.73049816625 -4.45118920422 -0.384030032384 -3.75039384716 -4.01465237347 -4.42145593197 -3.73740601307
-5.03838933278 -4.40428611145 -3.10611767156 -5.06686334007 -0.158530421639 -3.12636353472 6.76773295245 -4.33877982619 -3.12737275941
-4.44751812744 -3.29348298322 -4.48144139166 -4.17858886115 -2.56951973601 3.234564259 -4.22923241229 -3.63339672685 -6.04607623149
-5.30838305836 -4.64432737892 0.462599908518 -5.01860465812 0.562823969161 0.597531794903 -5.58496985407 -4.85211540265 0.0529587384906
-4.03242929787 -2.51093357071 -3.03611244938 -3.07536388165 -1.0000501412 -3.75176814181 -3.10433966093 -0.965271561587 -4.06608704633
-5.28158923904 -3.68733796156 2.46311115602 -4.61599320726 -2.23723201986 -4.97027039875 -4.1633162592 -3.84095476673 -6.88185139192
-4.8925432647 -3.15869054673 -3.95415124345 -3.9928960567 -4.04135474115 -5.41963531095 -3.97701016795 4.09113412587 -5.55738208269
-4.78717773012 -4.57975702487 -3.90180522583 -4.52948579822 -0.350303327046 -3.91872671718 -4.39240689041 8.93536858885 -3.86790718613
-3.5685610896 2.80557347783 -3.30099030424 -3.22144282244 -1.46790489354 -4.36682703337 -3.60759204392 -2.39204385234 -4.74233299439
-3.82420362515 -2.17735780325 -3.28396643718 2.75378447753 -1.06293189159 -4.17692857466 -3.15376600548 -2.24136797853 -4.91228959903
3.57578825883 -3.09919675319 -4.17689128361 -3.25543593913 -0.952361108404 -4.91768912083 -3.5038223417 -3.01293066596 -5.80655324143
& 2 15
3.68244741627 3.38393443529 -11.706338931 -9.24109773607 3.70516063558 3.73478401073 -9.9537671423 2.80026956015 -7.02333239564 -10.7030205858 -8.88384260803 3.35120349638 -11.1378962035 -11.415827883 -10.8172834298
-1.99622449981 -1.80242913029 3.56468630883 6.77658197535 -2.24958889655 -2.24410695887 3.75001652559 -1.83571989131 0.367467149364 0.335641990232 1.50342303254 -1.82340362024 1.89613780604 2.77891897774 4.60054557697
& 1 2
15.2404645512 -33.040023744
