# 0.031923688341
& 15 9
-5.83214068087 -5.89205248659 -5.89940147322 -5.82007066323 -3.17314580852 -5.86029026037 -5.6712223897 -6.14905015605 -5.85185051672
-5.7454282863 -5.78380037467 -5.77780681134 -5.7704677344 -3.65761235614 -5.71269706224 -5.84136260794 -6.32789200917 -5.72842666671
-10.4736787454 -8.68170839651 -8.68170631421 -9.68054044849 -13.4469376318 6.89894934813 -6.74484284161 -7.07141126337 -10.4770830328
-7.90296040553 -0.196507359824 -0.196694094901 -3.71158275974 28.0310587363 -7.90301778544 28.0066491731 28.006648056 -7.90297393235
-8.8366516129 -8.16950850811 -8.17042478368 -8.60158273936 10.2998070579 -8.19673741832 -7.84100310395 -8.66212549392 -8.80535782981
-9.72914693026 -9.57491946018 -9.55128274411 -9.68374377211 -1.35219361872 -9.53406951566 -10.3558274725 24.4428237407 -9.72212791278
-10.9287794146 -9.13981732367 -9.13753897707 12.9940060881 -8.04907780857 -9.88863379393 -7.31199348287 -7.45595533722 -10.925106774
-4.17023557296 -4.60194712058 -4.59708416445 -4.24269497923 -3.49454661859 -4.41347199061 -4.5040420945 -5.31461651858 -4.17529720302
-8.98275184958 -8.95279840435 -8.95276787939 17.8772200468 -3.62254185188 -8.97787991163 -4.6318920615 -4.60566226818 -8.98275316554
-9.6887180276 -9.15536965949 -9.17807930423 -9.64322611273 -1.3870699797 -9.22581313223 24.7865380052 -10.7744313124 -9.67990717806
10.3118400716 -10.4471063567 -10.4470210887 -10.831402747 -8.53619800888 -10.7224421879 -7.8524592617 -8.09061642247 -11.3587641089
-8.49352054946 -7.63706195162 -7.6309957634 -8.22656900272 -8.4725285946 -7.66271643657 -6.97271754621 10.5243501771 -8.47910801483
-5.79771595107 -3.84623551208 -3.84486278774 -5.08131365805 -4.18999447251 -4.88598637314 5.33284082297 -2.74665078613 -5.82562280059
-7.77552220601 -7.56312674749 -7.58184030885 -7.78957408068 27.706322903 -7.69877694752 -10.168893639 -10.4360597025 -7.77609049693
-11.3179235867 -10.4064584912 -10.4063747561 -10.7771408517 -8.49381278288 -10.6740820165 -7.80537757623 -8.03368031516 10.1748360006
& 1 15
3.17087476342 3.13170086981 -36.3854265335 -10.14712052 -20.6523031396 16.3655248346 -14.9329930185 3.46672427362 9.83891517973 16.5446937263 -11.626751092 -15.3799214587 -14.7061871175 16.8156085823 -12.30665778
