# 0.0432780244789
& 10 9
-7.72882826555 20.7595521208 -7.7288189425 -7.72889538575 -4.40643124226 -9.11003287627 -7.72479394457 -7.70951861954 -7.70004746657
-8.87385689067 -9.14565477966 -8.87433177333 -8.87451409384 12.6953187377 -6.65532364033 -8.87402323363 -9.50615259705 -9.54365831605
-9.77685991275 -11.0515828259 -9.77697178067 -9.77412512673 -1.97636862936 27.390418559 -10.2102077413 -10.4229836199 -10.4293641136
-9.1841250951 -10.1126603402 -9.18412275012 -9.18431812849 33.776490487 -11.2510612501 -9.1833082233 -9.69909425442 -9.70001843659
-6.28133625544 -6.18664721636 -6.27813780831 -6.2620950562 -3.29929724242 -6.52277683087 -6.27350677056 -6.23591096274 -6.18508172169
-6.42781538345 34.6818556401 -6.42781535519 -6.42781566435 34.6818695211 34.6818555137 5.87531591555 -7.63815260114 -7.63853143932
-11.427067991 -9.74070124766 -11.4270681656 -11.4270628795 -9.00960093826 -5.98872715756 -11.6565106941 -12.1167040109 10.7794027711
-9.30706854029 12.7328667136 -9.30702838064 -9.30581701946 -8.50134680552 -6.48858129456 -9.30714450597 -10.3649211244 -10.1030678091
-11.3597153781 -10.0895221281 -11.3597154999 -11.3597119101 -8.903872523 -5.90448186308 -11.5964247811 10.7036149201 -12.0983643934
-1.94250666026 -8.73282637593 -1.94250672337 -1.94250483654 -8.30767462462 1.83853811795 -3.28032675776 -10.5504107786 -10.5591006644
& 1 10
13.9830691562 -31.8309634948 21.5689860977 14.3890936704 3.0811003825 -8.31098800969 -17.6841573938 -31.44820475 -17.6837057287 -85.551196403
