0.172721461851
0.06486910803
0.138880762804
0.068156225721
0.185584210858
0.27441550256
0.201258596977
0.176309045826
0.143732398377
0.171052075103
0.144848313708
0.169976847598
0.201182492723
0.198332809377
0.155363601579
0.170239570163
0.176353098691
0.19695491394
0.153160013313
0.279852593937
0.168065017334
0.169084376526
0.158404819537
0.201175518049
0.164185465549
0.138328826414
0.167090725112
0.0987685384945
0.181310091957
0.0464355614582
0.158156270546
0.273437500003
0.201184606608
0.20144380515
0.169320797458
0.18851493951
0.224638850601
0.149054369265
0.176095143785
0.156910293047
0.1094483985
0.27343750001
0.149836716287
0.250078650559
0.156795331319
0.167236460418
0.186403447762
0.162931939768
0.0553913597951
0.119374429354
0.150559551915
0.162417615007
0.149842508745
0.176931363732
0.143566316221
0.239280325935
0.208524480539
0.145944050415
0.14467638638
0.167648830449
0.273437500009
0.219826997288
0.273437499998
0.273437499994
0.166439882218
0.148208081603
0.273438379887
0.143203515168
0.185467134899
0.144113998379
0.166164554419
0.166153342261
0.151405812356
0.191423285605
0.273437500017
0.143764099609
0.167527659904
0.160691070392
0.182705290217
0.165975168813
0.169049913153
0.156987461531
0.199235697937
0.0828742276715
0.215468742383
0.176877496811
0.180920241935
0.151866626219
0.121137515404
0.170631204996
0.158457076549
0.037516237905
0.443779566424
0.0966008338269
0.161533710415
0.172586280031
0.171090865439
0.144670536062
0.153483308244
0.150773598814
0.151475035417
0.157483919664
0.176404055829
0.0362368148429
0.109420617401
0.148553279336
0.2734375
0.169072094203
0.201184594486
0.176893006714
0.0314306502265
0.187521212243
0.273437499997
0.26563485095
0.132773375054
0.178732456728
0.158328412928
0.273439948359
0.201184638356
0.153529027968
0.273439795112
0.154405375437
0.13786911933
0.160250101065
0.167533597181
0.176680377795
0.188518122605
0.18069944906
0.178792304428
0.315813522696
0.154414142713
0.188537189193
0.153890414673
0.163204495646
0.171917337678
0.156455422728
0.159300730374
0.168085301615
0.166981741197
0.158404231946
0.167105749194
0.145797368742
0.153862758481
0.160203195481
0.116062154405
0.27441827748
0.169032896601
0.147611300935
0.222489614753
0.194393592624
0.149109158591
0.273437499999
0.198261818052
0.249453533243
0.159372010236
0.179875498322
0.147774757501
0.162378676822
0.157444660966
0.149687873015
0.201191562507
0.196495813129
0.201217738168
0.185602310031
0.154455069065
0.146058947965
0.169923374695
0.164962961537
0.173953715431
0.158296953171
0.176883643581
0.167200752222
0.00996888618922
0.158395518151
0.128731147454
0.174905264516
0.160341203319
0.152579854048
0.151489060749
0.0254328430694
0.0289233413092
0.211948140633
0.256019565338
0.726562499864
0.174841364559
0.178747338485
0.273437500147
0.231031527192
0.26966359434
0.156488575972
0.167611635821
0.168083804592
0.201204552425
0.188575805646
0.0200299838753
0.124108113911
0.273437499959
0.148626989894
0.0253215021508
0.18169115441
0.469835368189
0.155033442851
0.167097689879
0.0841532387461
0.122301269261
0.168994352125
0.00323890373032
0.273437499849
0.245185946873
0.14558179704
0.146663875425
0.165566720975
0.200219480979
0.273437500219
0.237410583842
0.163974239712
0.152309364766
0.201177385148
0.147655664544
0.155389070688
0.103881726612
0.205888944825
0.273437903127
0.196417922968
0.162271139393
0.172169105921
0.186582813527
0.145407333815
0.0879934397036
0.173028071804
0.23072047499
0.114335113975
0.162417950584
0.157294932212
0.180685995469
0.0871676270837
0.177870653063
0.152422057766
0.201204821721
0.171035947
0.273437516665
0.148665956422
0.199210205511
0.228559979226
0.0282518730832
0.139216503297
0.140918760088