# 0.0146225741702
& 9 9
-9.38909657235 1.6983598672 -2.91901102545 1.92328252014 -3.87914913489 1.6985112125 -2.91901206128 -2.80824264791 -2.99901399151
-12.2487909869 43.9352078705 -11.686948466 -13.8519560104 -0.544636853966 -13.5742784386 -11.6945553292 -12.2172224129 -11.684480141
-26.1270426847 -24.0673435955 14.2630085783 -25.5341918431 -0.618573388273 -24.2363230963 14.268485624 -25.5972058237 14.0146142657
-7.66200420799 18.6368010919 -0.0864049293216 11.5006497975 -0.869749893041 18.6789928433 -0.0864380169005 -1.59600474706 -2.38692889351
-7.69233005237 -1.25250820323 -1.52805508372 -15.6707070731 -9.98342885011 -1.27283301694 -1.5280448629 -2.53028114836 0.196773760322
-12.3146878329 -13.1910178757 -11.7615322793 -13.0174278149 -0.546564660888 44.2655664835 -11.7628983246 -12.3172699073 -11.7607729984
7.56102157431 -5.45037050253 -9.41240054551 -6.23091423385 -8.95154313095 -6.15064203316 -9.41314122316 -9.5700347901 -9.41212639633
-10.9824621214 -7.35812980069 -10.5684224621 -7.08398934717 20.7121604628 -8.76905452471 -10.572932159 -11.4696679158 -10.5676611826
-13.0491964567 -13.3464005883 -11.5957363647 42.7225792271 -0.731037898192 -11.9011373028 -11.6120270213 -13.0718094971 -11.6054320223
& 1 9
-40.2961414403 27.1136565542 7.65390610582 -20.6181769986 -49.0902297236 27.0970332437 -44.0657322896 -39.2093503296 26.3029241909
