# 0.0565989683446
& 9 9
-7.83489842476 -7.78932346955 -7.09617789381 -6.8491479198 -5.15267340058 -7.57117942894 20.7350512045 -6.60146274652 -7.77076665064
-3.28747501069 -3.29855348544 -3.6565569386 -3.6883738955 2.23774517876 -4.28217937758 -3.29154616772 -1.44217941991 -3.64251891508
-7.24904230122 -7.24668380881 -7.42079214941 -6.9828620488 -2.20197427032 -6.37782892509 -5.76056345929 9.46752643772 -6.88827821675
7.54957720662 7.99702290244 6.20870648214 7.66793211703 -32.3408110092 -10.735192936 -9.53180156082 6.38081355587 7.22704458194
-8.50408222476 -7.71359879417 -7.17572711589 -8.60436024926 8.82651465938 -1.8529519688 -5.57086710275 28.1982447555 -9.21341025212
-9.0287015702 -9.08898543787 -9.04846161652 -8.84830780413 -0.717709552174 22.3531084564 -9.28118795423 21.2316984709 -9.18351976187
-5.16402115632 -4.69385529412 -4.76201161585 -5.41858656597 19.198930865 -6.1333390515 -7.27246720556 -3.32966601473 -4.91896977441
-7.17250198738 -7.77482246641 -7.06194564424 -6.99106972435 26.7398614414 -8.16520276477 -8.22697304277 -5.49704312105 -7.20816463424
7.72941934512 7.91984360288 8.1095098885 7.9046607286 0.716128600846 8.02880718618 7.10236101525 -19.9030373914 7.03276153213
& 9 9
-0.785364483905 -2.62140312364 -5.24348819958 1.17525098505 -1.60099424847 -4.04180015249 -3.28801007319 -3.31667848161 -8.97366058667
-1.90717329681 -2.99267474232 -1.83676736729 -2.31927468939 -3.56406843937 -2.08705577509 -1.75791274021 -4.58256805539 -9.58381221898
-2.02152485163 -2.03232228857 -1.71868245857 -1.2967203148 -3.89179043437 -2.06580245215 -3.44406483003 -4.75611711898 -9.36885631704
-2.09473351263 -3.10973986771 -1.97541821281 -1.49096554675 -3.11227443078 -2.63172441448 -2.93187624247 -3.9728933441 -8.85174769857
-1.86598095522 -3.9375670746 -1.81769041162 -1.28540175491 -3.53489943221 -2.95952710371 -2.28758303674 -4.29296288806 -9.87883649953
-10.5078814861 8.07598211312 -9.64787742487 -14.3253093159 20.8293979828 -12.0844752589 -7.88916194446 -16.1404724434 17.3860179791
-3.99049955062 -1.93221106754 -1.42279388102 -2.06981409433 -3.83372149368 -3.03732609057 -2.38509133031 -3.35022451989 -24.1068497893
2.63903632581 -11.4778596304 -12.3072897803 1.05415346775 -4.35351215412 5.09631885048 4.88683623581 4.28369026827 -2.52048437653
-4.58322835088 -2.58327375303 -4.49886255417 -0.984147695231 -11.806120689 -3.97519580054 -2.27570789083 -3.62211845826 -12.5830437688
& 1 9
2.48105185491 3.79428835035 2.0206713768 2.39349962682 4.09692166878 -15.3758051166 4.67446542805 6.25627068778 -27.8286376128
