# 0.0108333399636
& 15 9
-5.88211323644 -6.11207228844 -6.11868216937 -5.82137328997 -3.18610998366 -5.8563806324 -5.6717694986 -6.14910062139 -5.89568339529
-5.7973740414 -6.02038340307 -6.01643191958 -5.77181703712 -3.66566991269 -5.70712242724 -5.84171756536 -6.32792494014 -5.77555593163
-11.9071693928 -10.4272187494 -10.4272173937 -9.65838284819 -13.4469519469 9.61790307014 -6.76080745146 -7.10978311975 -11.9023996728
-11.509479684 1.91278267427 1.91277210017 33.7306175566 32.0900320833 -11.4993501703 33.7162147266 33.7380957506 -11.5094598064
-8.87001438425 -8.05132635459 -8.0516790709 -8.60048944375 10.8162251229 -8.29728345117 -7.18248454495 -8.54511498434 -8.84148612965
-9.78387502263 -9.22743546449 -9.21181948229 -9.7960242062 -1.74523639993 -9.61436816805 -10.467865681 24.9425425 -9.77801740752
-10.9658434761 -9.50852434509 -9.49646044277 12.7036855579 -8.04826569041 -9.99420928146 -7.1795445147 -7.44747527582 -10.9636124694
-1.37831678058 -1.39219341239 -1.39219087018 -2.41150815808 -1.75494561614 -1.37344177517 -5.28909347312 -4.94701019463 -1.37831317263
-10.279712913 -9.70874307631 -9.70872949895 26.1104676297 -3.60364681991 -10.2665742033 -8.17387017459 -8.14718702314 -10.2795296445
-10.042862619 -8.64927335499 -8.66746781482 -9.78623377451 -1.78921198838 -9.59555722189 25.0260359302 -10.9161458278 -10.0344505365
11.7601202591 -11.6936048888 -11.6936267076 -10.822243658 -8.54292959681 -12.2491814239 -7.86361200873 -8.12068048825 -12.7083340604
-8.67534035684 -7.97968435327 -7.96226472524 -8.09644817995 -8.4022148969 -8.05681093011 -6.33484105255 10.333034262 -8.66478483298
-7.49135786901 -1.24180820902 -1.24181931996 -0.688490349774 -0.852970043877 -7.46434706659 1.09229253785 -0.568856582223 -7.50211684668
-7.93774263566 -7.586826734 -7.58557798044 -7.8147969642 28.1620641061 -7.83984733715 -10.1690962219 -10.4361866631 -7.93495926431
-12.674402956 -11.6408684291 -11.640887688 -10.7695768994 -8.50061175987 -12.197675526 -7.81649948205 -8.0645840449 11.7020057004
& 1 15
-0.952792819777 -1.01441135888 -40.4117403564 -19.004429492 -25.5115063462 25.0740942646 -21.6376794913 98.3345215206 24.5582359054 28.9572432024 -24.6105448922 -21.2641774434 -31.2388031828 24.6532119307 -24.6112535181