# 0.0159669230214
& 15 9
-5.82894279875 -5.91895097425 -5.92610110093 -5.8213246564 -3.18412653906 -5.85714533407 -5.67130834547 -6.14906985146 -5.84868116413
-5.740991769 -5.81248358617 -5.80667121748 -5.77177498927 -3.66451410281 -5.70820168969 -5.84143236308 -6.3279041714 -5.72395104362
-11.5908927658 -10.192969584 -10.1929682244 -9.65551074579 -13.4469324653 8.55281503132 -6.74795426577 -7.07334658903 -11.5962434585
-7.54634977058 -0.238379556953 -0.238349754588 22.9540902595 29.0529234677 -7.54643846058 28.9893647044 28.9876163108 -7.54635659976
-8.84024235521 -8.15531842658 -8.15624761011 -8.60100763158 10.407109637 -8.20281390343 -7.8087414051 -8.57433761325 -8.80905066948
-9.68633232042 -9.57578445215 -9.55412623515 -9.7934099498 -1.58597121328 -9.49731785479 -10.4651714779 24.4520628964 -9.6795982412
-10.9380459743 -9.38767024372 -9.38575580463 12.8082037865 -8.04862374192 -9.92217520108 -7.29685155021 -7.45511533989 -10.9355856189
-3.39898916085 -4.19001029747 -4.18401895808 -4.25949515173 -3.50371866208 -3.73316497101 -4.50472168563 -5.31471061316 -3.40570875698
-10.6671265106 -10.1074722928 -10.1073765763 24.9971156671 -3.57280499674 -10.6627936324 -8.08519584684 -8.05870357847 -10.6671241195
-9.67480287995 -9.17447932877 -9.19533878218 -9.78302144739 -1.61791175017 -9.21965944201 24.7238669549 -10.9130648755 -9.66634274722
11.3134834345 -11.3703285039 -11.3703260636 -10.8201658846 -8.53624144736 -11.8398116956 -7.85386670052 -8.09195171222 -12.3229081101
-8.51889994155 -7.66014232232 -7.65410808946 -8.21646007882 -8.42260576686 -7.71505523133 -6.82593840952 10.6348910598 -8.50481501628
-6.0467723235 -4.12378711008 -4.12377606436 -4.40473968294 -4.11634014051 -5.39979256451 6.08799681787 -2.44302332909 -6.06894613454
-7.7953701954 -7.54674757769 -7.56366961131 -7.81449077717 27.7391588464 -7.72270337684 -10.1690716565 -10.4361746931 -7.79590869819
-12.2833200565 -11.3347026331 -11.3347002736 -10.7674537017 -8.4938370507 -11.7903784242 -7.80679331313 -8.03504379045 11.1893386686
& 1 15
3.14965235406 3.11022714325 -36.4694132252 -10.3236806837 -20.7931146417 17.2647537956 -15.9118265014 3.6891072222 16.5003200119 17.4109806347 -12.1106216661 -15.8018279211 -15.8918142728 17.7857218946 -12.7353294595
