# 0.0315395851578
& 15 9
-5.82974065146 -5.90494405428 -5.91219435208 -5.8213162902 -3.18032501816 -5.85793190936 -5.67128619909 -6.14906356702 -5.8494717462
-5.74209852239 -5.79729076749 -5.79138791657 -5.77176708023 -3.66212170531 -5.70932560671 -5.84141393951 -6.32790039599 -5.72506738426
-11.4060386008 -9.95302744744 -9.95302657709 -9.65532599383 -13.4469348077 8.29183043824 -6.7475728827 -7.07313564703 -11.411400764
-9.2082307604 -0.0618529206922 -0.0619003310017 0.244008024928 29.0513243085 -9.2085522542 28.9882062819 28.986549558 -9.2082524951
-8.83988533384 -8.16486181695 -8.16578247086 -8.60108849073 10.3710837948 -8.20221361883 -7.81191417128 -8.60836131264 -8.80868347178
-9.69091313289 -9.55639083496 -9.53411460225 -9.74797611883 -1.50747144128 -9.50145678279 -10.4198411619 24.4856118241 -9.68415431364
-10.9330051476 -9.29278981061 -9.29086232942 12.9039342252 -8.04878630258 -9.90782820002 -7.31057610539 -7.45580545153 -10.9302136067
-3.77224029949 -4.3626034249 -4.35711952991 -4.25788837948 -3.50047455086 -4.06025344744 -4.50450106479 -5.3146838469 -3.7781194223
-11.6142484888 -10.8132988821 -10.8132034005 22.9373311475 -3.56285308848 -11.613284653 -6.41928002652 -6.39290669213 -11.6142451453
-9.67679757629 -9.1530704923 -9.17465086249 -9.72566332867 -1.54058528479 -9.22095892139 24.7672720057 -10.8561699624 -9.66829454483
11.135795731 -11.2040464912 -11.2040449619 -10.8220472056 -8.5362913497 -11.6440840462 -7.8536979578 -8.09181377605 -12.1529790971
-8.51622018429 -7.66933413556 -7.66333224122 -8.2259743696 -8.44207872785 -7.70954841056 -6.85448105982 10.5842728194 -8.50210077582
-5.99924669949 -4.13357649574 -4.13354844125 -4.96706648609 -4.1285522212 -5.31090646137 5.85265364871 -2.51547832227 -6.02241847765
-7.79886053843 -7.53325804219 -7.55054106154 -7.81446687231 27.7331559259 -7.72583611589 -10.169001264 -10.4361281081 -7.79940165702
-12.11309959 -11.1677295787 -11.1677281016 -10.768894212 -8.49389401216 -11.5946539 -7.80662470696 -8.03490277782 11.0094453575
& 1 15
3.15977825517 3.12083352251 -36.4557637771 -10.365624247 -20.7470286384 17.2454910518 -15.6951952436 3.59152692452 12.7427522224 17.3833599248 -12.0246201407 -15.6958982493 -15.536052802 17.7459916051 -12.6587853905
