# 0.0559003705373
& 9 9
5.44596207065 5.65694582554 5.4416054963 -34.4742458712 -24.140398394 5.44062406475 5.44504615245 5.43933312535 5.44989484025
-5.12030829673 -5.6526186183 -11.5534376439 -7.68845886302 10.4388567265 -6.0894167347 -7.56334278229 -7.45623977542 -12.111212117
-9.29405767347 -10.3329810059 -13.672249602 22.1824925638 -1.50365200566 -11.8873483924 -9.77895779794 -10.2500526018 -10.3463296351
-12.261373557 -13.2273438355 -12.5145850174 -13.4477942394 -2.05976642463 29.5654763863 -12.2927187468 -12.2561753702 -12.2828343994
-8.21917411609 -9.83748113828 -12.8984202223 -6.59688762354 27.0034942255 -9.05098960455 -7.78578062765 -7.65584875447 -7.50274768085
-12.318721227 -15.2315382715 30.1163407378 -14.0496875828 3.25644300308 -12.9825328405 -12.4496320033 -12.2666764775 -12.5559358571
-13.9695832815 32.8189744278 -14.6210711023 -13.0448800862 -1.84612060593 -14.8450435514 -13.9526820276 -13.8685757241 -13.909966192
-1.88133285035 -14.6126946343 0.5506583601 9.17811984833 27.8982028768 2.42680649696 -1.88160326595 -1.88124505964 -1.88178749403
-7.83466433408 11.6049950479 -5.60793079171 9.45676522969 -20.6926910398 -6.91712444366 -7.83513732505 -7.86553763509 -7.79857875808
& 3 9
-1.96540915223 10.6564296221 -22.3152101519 -6.77765648729 4.70103864095 -1.53106516813 -6.13337434318 20.6295966465 30.074968564
-10.6356957338 -27.9968946229 4.5242053542 9.83997759616 13.7568983162 9.01918642665 11.2382571766 -4.17153021414 -14.1411420251
-4.25005700018 -5.97170701999 -27.3233754318 -7.61600770824 -7.44739446084 -7.95486755016 -4.64941545097 7.5850754908 -1.70800997769
& 1 3
-9.85085076001 36.7696250391 -17.4793435272
