# 176 of 1
# 336 of 0
1.0 1.0 1.0 1.0 0.0 0.0 1.0 1.0 1.0 0.0
1.0 1.0 1.0 0.0 0.0 0.0 1.0 1.0 1.0 1.0
1.0 1.0 1.0 0.0 0.0 0.0 1.0 1.0 0.0 0.0
1.0 1.0 1.0 0.0 0.0 0.0 1.0 0.0 1.0 0.0
1.0 1.0 1.0 0.0 0.0 1.0 0.0 1.0 0.0 0.0
1.0 1.0 0.0 0.0 1.0 1.0 1.0 0.0 1.0 1.0
1.0 0.0 1.0 1.0 1.0 1.0 0.0 1.0 0.0 1.0
0.0 1.0 0.0 1.0 1.0 1.0 1.0 0.0 1.0 1.0
1.0 0.0 1.0 1.0 1.0 1.0 0.0 1.0 1.0 0.0
0.0 1.0 1.0 1.0 1.0 1.0 1.0 1.0 1.0 0.0
1.0 1.0 1.0 1.0 1.0 0.0 1.0 1.0 1.0 0.0
1.0 1.0 1.0 1.0 0.0 1.0 1.0 1.0 1.0 0.0
1.0 1.0 1.0 0.0 1.0 0.0 1.0 1.0 1.0 0.0
1.0 1.0 0.0 0.0 1.0 1.0 1.0 1.0 0.0 1.0
1.0 0.0 1.0 1.0 1.0 1.0 1.0 0.0 1.0 0.0
0.0 1.0 0.0 1.0 1.0 0.0 0.0 1.0 1.0 0.0
1.0 0.0 1.0 1.0 0.0 1.0 1.0 1.0 1.0 0.0
0.0 1.0 1.0 0.0 1.0 0.0 1.0 1.0 1.0 1.0
1.0 1.0 1.0 1.0 0.0 0.0 1.0 1.0 0.0 1.0
1.0 1.0 1.0 0.0 0.0 1.0 1.0 0.0 0.0 0.0
1.0 1.0 1.0 0.0 1.0 0.0 0.0 0.0 1.0 0.0
1.0 1.0 1.0 1.0 0.0 1.0 0.0 1.0 0.0 1.0
1.0 1.0 1.0 0.0 1.0 1.0 1.0 0.0 0.0 1.0
1.0 1.0 0.0 1.0 1.0 1.0 0.0 0.0 1.0 1.0
1.0 0.0 1.0 1.0 1.0 0.0 0.0 1.0 1.0 1.0
0.0 1.0 0.0 1.0 0.0 1.0 1.0 1.0 0.0 0.0
1.0 0.0 1.0 0.0 1.0 1.0 1.0 0.0 1.0 1.0
0.0 1.0 1.0 1.0 1.0 1.0 0.0 1.0 0.0 1.0
1.0 1.0 1.0 1.0 1.0 1.0 1.0 0.0 0.0 0.0
1.0 1.0 1.0 1.0 1.0 1.0 0.0 0.0 0.0 1.0
1.0 1.0 1.0 1.0 1.0 0.0 0.0 0.0 0.0 0.0
1.0 1.0 1.0 1.0 0.0 0.0 0.0 0.0 0.0 0.0
1.0 1.0 0.0 0.0 0.0 1.0 0.0 0.0 0.0 1.0
1.0 0.0 1.0 0.0 1.0 1.0 0.0 0.0 0.0 0.0
0.0 1.0 0.0 1.0 1.0 1.0 0.0 0.0 1.0 0.0
0.0 1.0 0.0 1.0 0.0 0.0 1.0 1.0 1.0 0.0
1.0 0.0 1.0 0.0 0.0 1.0 1.0 1.0 1.0 1.0
0.0 1.0 0.0 0.0 1.0 1.0 1.0 1.0 1.0 1.0
1.0 0.0 1.0 1.0 1.0 1.0 1.0 1.0 1.0 0.0
0.0 1.0 1.0 1.0 1.0 0.0 1.0 1.0 1.0 0.0
1.0 1.0 1.0 0.0 1.0 1.0 1.0 1.0 0.0 0.0
1.0 1.0 0.0 1.0 1.0 1.0 1.0 0.0 0.0 1.0
1.0 0.0 0.0 1.0 1.0 1.0 0.0 0.0 0.0 0.0
0.0 0.0 1.0 1.0 1.0 1.0 0.0 0.0 1.0 0.0
0.0 1.0 1.0 1.0 1.0 0.0 0.0 1.0 1.0 1.0
1.0 0.0 0.0 1.0 1.0 1.0 1.0 1.0 0.0 1.0
0.0 0.0 0.0 1.0 1.0 1.0 1.0 0.0 1.0 0.0
0.0 0.0 0.0 1.0 1.0 0.0 0.0 1.0 0.0 1.0
0.0 0.0 0.0 1.0 0.0 1.0 1.0 0.0 1.0 0.0
0.0 0.0 1.0 0.0 1.0 0.0 0.0 1.0 0.0 1.0
0.0 1.0 1.0 1.0 0.0 1.0 1.0 0.0 0.0 0.0
1.0 1.0 1.0 0.0 1.0 0.0 0.0 0.0 0.0 0.0
1.0 1.0 1.0 1.0 0.0 1.0 0.0 0.0 0.0 0.0
1.0 1.0 1.0 0.0 1.0 1.0 0.0 0.0 1.0 1.0
1.0 1.0 1.0 1.0 1.0 1.0 0.0 1.0 0.0 0.0
1.0 1.0 0.0 1.0 1.0 1.0 1.0 0.0 1.0 0.0
0.0 1.0 1.0 1.0 1.0 0.0 1.0 1.0 0.0 1.0
1.0 1.0 1.0 1.0 0.0 1.0 1.0 0.0 1.0 0.0
1.0 1.0 0.0 0.0 1.0 1.0 0.0 1.0 1.0 1.0
1.0 0.0 1.0 1.0 1.0 1.0 1.0 1.0 0.0 0.0
1.0 0.0 0.0 1.0 1.0 0.0 0.0 1.0 1.0 0.0
0.0 0.0 1.0 1.0 0.0 0.0 1.0 1.0 0.0 0.0
0.0 1.0 0.0 0.0 0.0 1.0 1.0 0.0 0.0 1.0
1.0 0.0 1.0 0.0 1.0 0.0 0.0 0.0 0.0 1.0
0.0 1.0 1.0 1.0 0.0 0.0 0.0 0.0 1.0 0.0
1.0 1.0 0.0 0.0 1.0 1.0 1.0 0.0 0.0 0.0
1.0 0.0 1.0 1.0 1.0 0.0 0.0 0.0 0.0 0.0
0.0 1.0 1.0 1.0 0.0 1.0 0.0 0.0 0.0 0.0
1.0 1.0 1.0 1.0 0.0 0.0 0.0 1.0 1.0 1.0
1.0 1.0 0.0 0.0 0.0 0.0 1.0 1.0 0.0 0.0
1.0 0.0 0.0 0.0 0.0 0.0 1.0 0.0 1.0 1.0
0.0 0.0 1.0 0.0 0.0 0.0 0.0 1.0 1.0 1.0
0.0 1.0 1.0 0.0 0.0 0.0 1.0 1.0 0.0 0.0
1.0 1.0 0.0 0.0 1.0 1.0 0.0 0.0 1.0 0.0
1.0 0.0 0.0 1.0 1.0 1.0 0.0 1.0 1.0 1.0
0.0 0.0 1.0 1.0 1.0 1.0 1.0 1.0 1.0 0.0
0.0 1.0 1.0 1.0 1.0 1.0 1.0 1.0 0.0 0.0
1.0 1.0 1.0 1.0 1.0 1.0 1.0 0.0 1.0 0.0
1.0 1.0 0.0 1.0 1.0 1.0 0.0 1.0 1.0 0.0
1.0 1.0 1.0 0.0 0.0 0.0 1.0 0.0 0.0 0.0
1.0 1.0 1.0 0.0 0.0 1.0 0.0 0.0 1.0 0.0
1.0 1.0 1.0 1.0 0.0 1.0 0.0 0.0 1.0 1.0
1.0 1.0 0.0 0.0 1.0 0.0 0.0 1.0 1.0 0.0
0.0 1.0 0.0 0.0 1.0 0.0 1.0 1.0 1.0 0.0
1.0 0.0 1.0 1.0 0.0 0.0 1.0 1.0 1.0 1.0
0.0 1.0 0.0 0.0 0.0 0.0 1.0 1.0 1.0 0.0
1.0 0.0 1.0 0.0 0.0 0.0 1.0 1.0 1.0 0.0
0.0 1.0 1.0 0.0 0.0 1.0 1.0 1.0 0.0 0.0
1.0 1.0 1.0 0.0 1.0 0.0 1.0 0.0 1.0 1.0
1.0 1.0 1.0 1.0 0.0 1.0 0.0 1.0 1.0 0.0
1.0 1.0 1.0 0.0 1.0 1.0 1.0 1.0 1.0 0.0
1.0 1.0 0.0 1.0 1.0 0.0 1.0 1.0 1.0 0.0
0.0 1.0 1.0 0.0 1.0 1.0 1.0 1.0 0.0 1.0
1.0 1.0 1.0 1.0 1.0 0.0 1.0 0.0 1.0 0.0
1.0 1.0 0.0 0.0 1.0 1.0 1.0 1.0 1.0 0.0
1.0 0.0 0.0 1.0 1.0 0.0 1.0 1.0 1.0 1.0
0.0 0.0 1.0 1.0 0.0 0.0 1.0 1.0 1.0 0.0
1.0 0.0 0.0 0.0 0.0 1.0 1.0 1.0 1.0 0.0
0.0 0.0 1.0 0.0 1.0 0.0 1.0 1.0 0.0 0.0
0.0 1.0 1.0 1.0 0.0 0.0 1.0 0.0 1.0 0.0
1.0 1.0 0.0 0.0 0.0 0.0 0.0 1.0 1.0 0.0
0.0 1.0 0.0 0.0 0.0 1.0 1.0 1.0 0.0 0.0
1.0 0.0 0.0 0.0 1.0 1.0 1.0 0.0 1.0 0.0
0.0 0.0 0.0 1.0 1.0 1.0 0.0 1.0 1.0 0.0
0.0 0.0 0.0 1.0 1.0 0.0 1.0 1.0 0.0 0.0
0.0 0.0 0.0 1.0 0.0 1.0 1.0 0.0 0.0 1.0
0.0 0.0 0.0 0.0 1.0 1.0 0.0 0.0 1.0 1.0
0.0 0.0 0.0 1.0 1.0 0.0 0.0 1.0 1.0 0.0
0.0 1.0 1.0 0.0 0.0 1.0 1.0 0.0 0.0 0.0
1.0 1.0 1.0 1.0 1.0 1.0 0.0 1.0 1.0 0.0
1.0 0.0 0.0 1.0 1.0 0.0 0.0 1.0 0.0 0.0
0.0 0.0 0.0 1.0 0.0 0.0 1.0 0.0 0.0 0.0
0.0 0.0 1.0 0.0 0.0 1.0 0.0 0.0 0.0 0.0
0.0 1.0 1.0 0.0 1.0 1.0 0.0 0.0 0.0 0.0
1.0 1.0 0.0 0.0 0.0 0.0 1.0 1.0 1.0 0.0
0.0 1.0 0.0 1.0 1.0 1.0 1.0 1.0 0.0 1.0
1.0 0.0 0.0 1.0 1.0 1.0 1.0 0.0 0.0 0.0
0.0 0.0 0.0 1.0 1.0 1.0 0.0 0.0 0.0 1.0
0.0 0.0 1.0 1.0 1.0 0.0 0.0 0.0 1.0 0.0
0.0 1.0 0.0 1.0 0.0 1.0 0.0 1.0 1.0 0.0
1.0 0.0 1.0 0.0 1.0 1.0 1.0 1.0 1.0 0.0
0.0 1.0 0.0 1.0 1.0 1.0 1.0 1.0 1.0 0.0
0.0 1.0 1.0 1.0 1.0 1.0 1.0 0.0 0.0 1.0
0.0 1.0 1.0 1.0 1.0 0.0 1.0 0.0 0.0 0.0
1.0 1.0 0.0 1.0 0.0 1.0 0.0 0.0 0.0 0.0
1.0 1.0 0.0 1.0 1.0 1.0 1.0 1.0 1.0 0.0
1.0 0.0 0.0 1.0 1.0 1.0 1.0 1.0 1.0 0.0
0.0 0.0 0.0 1.0 1.0 1.0 1.0 1.0 1.0 1.0
0.0 0.0 1.0 1.0 1.0 1.0 1.0 1.0 0.0 1.0
0.0 1.0 0.0 1.0 1.0 0.0 1.0 0.0 1.0 0.0
1.0 0.0 0.0 1.0 0.0 1.0 0.0 1.0 0.0 0.0
0.0 0.0 0.0 0.0 1.0 1.0 1.0 0.0 1.0 0.0
0.0 0.0 0.0 1.0 1.0 1.0 0.0 1.0 0.0 0.0
0.0 0.0 1.0 1.0 1.0 0.0 1.0 0.0 1.0 0.0
0.0 1.0 1.0 1.0 0.0 1.0 0.0 1.0 1.0 1.0
1.0 0.0 1.0 1.0 0.0 0.0 1.0 1.0 0.0 0.0
0.0 1.0 1.0 0.0 0.0 1.0 1.0 1.0 1.0 1.0
1.0 1.0 1.0 1.0 0.0 0.0 0.0 0.0 1.0 0.0
1.0 1.0 0.0 0.0 1.0 0.0 1.0 0.0 0.0 0.0
1.0 0.0 0.0 1.0 0.0 0.0 0.0 0.0 1.0 1.0
0.0 1.0 1.0 0.0 0.0 0.0 1.0 1.0 1.0 0.0
0.0 0.0 0.0 1.0 1.0 1.0 1.0 1.0 0.0 0.0
0.0 0.0 1.0 1.0 1.0 1.0 1.0 0.0 1.0 1.0
0.0 1.0 1.0 1.0 1.0 1.0 0.0 1.0 1.0 0.0
1.0 1.0 1.0 1.0 1.0 1.0 1.0 1.0 1.0 0.0
1.0 1.0 0.0 0.0 0.0 1.0 1.0 1.0 1.0 1.0
1.0 1.0 1.0 1.0 1.0 0.0 0.0 1.0 0.0 1.0
1.0 1.0 1.0 1.0 0.0 0.0 1.0 0.0 1.0 1.0
1.0 1.0 1.0 0.0 0.0 1.0 0.0 1.0 1.0 1.0
1.0 1.0 0.0 1.0 0.0 0.0 1.0 1.0 1.0 1.0
1.0 1.0 1.0 0.0 0.0 1.0 1.0 0.0 1.0 1.0
1.0 1.0 1.0 0.0 1.0 1.0 0.0 1.0 1.0 0.0
1.0 1.0 1.0 1.0 1.0 1.0 1.0 1.0 0.0 0.0
1.0 1.0 0.0 1.0 0.0 1.0 1.0 1.0 1.0 0.0
1.0 0.0 1.0 0.0 1.0 0.0 1.0 1.0 1.0 1.0
0.0 1.0 1.0 1.0 0.0 1.0 1.0 1.0 0.0 1.0
1.0 1.0 0.0 1.0 0.0 1.0 0.0 1.0 1.0 1.0
1.0 0.0 0.0 1.0 1.0 0.0 1.0 1.0 0.0 0.0
0.0 0.0 1.0 1.0 0.0 0.0 1.0 0.0 1.0 0.0
0.0 1.0 1.0 0.0 0.0 1.0 0.0 1.0 1.0 0.0
1.0 0.0 0.0 1.0 1.0 1.0 1.0 0.0 1.0 1.0
0.0 0.0 1.0 1.0 1.0 1.0 0.0 1.0 1.0 1.0
1.0 1.0 1.0 1.0 0.0 1.0 1.0 0.0 0.0 1.0
1.0 1.0 0.0 1.0 0.0 0.0 0.0 1.0 1.0 0.0
1.0 0.0 0.0 0.0 0.0 1.0 1.0 1.0 0.0 0.0
0.0 0.0 1.0 0.0 1.0 0.0 1.0 0.0 1.0 0.0
0.0 1.0 0.0 1.0 0.0 0.0 0.0 1.0 1.0 0.0
0.0 0.0 0.0 0.0 1.0 1.0 1.0 1.0 1.0 0.0
1.0 1.0 1.0 1.0 1.0 0.0 1.0 1.0 0.0 0.0
1.0 1.0 1.0 0.0 1.0 1.0 0.0 1.0 0.0 1.0
0.0 1.0 1.0 1.0 1.0 1.0 1.0 0.0 1.0 0.0
1.0 1.0 1.0 1.0 1.0 0.0 0.0 1.0 1.0 0.0
1.0 1.0 1.0 1.0 0.0 1.0 1.0 1.0 0.0 0.0
1.0 1.0 0.0 0.0 1.0 0.0 1.0 0.0 1.0 0.0
1.0 0.0 0.0 1.0 0.0 1.0 0.0 1.0 1.0 0.0
0.0 0.0 1.0 0.0 1.0 1.0 1.0 1.0 1.0 1.0
0.0 0.0 0.0 1.0 1.0 0.0 1.0 1.0 1.0 0.0
0.0 0.0 1.0 1.0 0.0 1.0 1.0 1.0 0.0 0.0
0.0 1.0 1.0 0.0 1.0 1.0 1.0 0.0 1.0 1.0
1.0 0.0 1.0 1.0 1.0 0.0 1.0 1.0 0.0 1.0
0.0 1.0 0.0 1.0 0.0 1.0 1.0 0.0 0.0 0.0
0.0 1.0 1.0 1.0 1.0 1.0 0.0 0.0 1.0 1.0
1.0 1.0 0.0 1.0 1.0 0.0 1.0 1.0 0.0 1.0
1.0 0.0 0.0 1.0 0.0 1.0 1.0 0.0 1.0 0.0
0.0 0.0 1.0 0.0 1.0 1.0 0.0 1.0 1.0 0.0
1.0 0.0 0.0 0.0 1.0 1.0 0.0 0.0 1.0 0.0
0.0 0.0 1.0 1.0 1.0 0.0 0.0 1.0 0.0 0.0
0.0 1.0 0.0 1.0 0.0 1.0 1.0 0.0 1.0 0.0
1.0 0.0 0.0 0.0 1.0 1.0 0.0 1.0 1.0 0.0
1.0 1.0 0.0 1.0 1.0 0.0 0.0 0.0 1.0 0.0
1.0 0.0 1.0 1.0 0.0 1.0 0.0 1.0 1.0 1.0
1.0 1.0 1.0 0.0 1.0 1.0 1.0 0.0 1.0 0.0
1.0 0.0 1.0 1.0 1.0 0.0 0.0 1.0 0.0 0.0
1.0 1.0 0.0 1.0 1.0 0.0 1.0 0.0 1.0 1.0
1.0 0.0 1.0 1.0 0.0 0.0 0.0 1.0 1.0 0.0
1.0 1.0 1.0 0.0 0.0 1.0 1.0 1.0 1.0 0.0
1.0 1.0 0.0 1.0 1.0 0.0 0.0 1.0 0.0 0.0
1.0 0.0 1.0 1.0 0.0 1.0 1.0 0.0 0.0 0.0
0.0 1.0 1.0 0.0 1.0 1.0 0.0 0.0 1.0 0.0
0.0 1.0 1.0 0.0 0.0 1.0 0.0 1.0 0.0 0.0
0.0 1.0 1.0 0.0 1.0 1.0 1.0 1.0 1.0 0.0
1.0 1.0 0.0 0.0 0.0 1.0 0.0 1.0 1.0 0.0
0.0 1.0 1.0 0.0 0.0 0.0 1.0 0.0 1.0 0.0
1.0 1.0 1.0 0.0 0.0 1.0 1.0 1.0 0.0 1.0
1.0 0.0 1.0 1.0 0.0 0.0 0.0 0.0 1.0 0.0
1.0 1.0 0.0 1.0 0.0 0.0 0.0 1.0 0.0 0.0
1.0 0.0 1.0 0.0 0.0 1.0 1.0 0.0 1.0 0.0
0.0 1.0 1.0 0.0 1.0 0.0 0.0 1.0 1.0 0.0
1.0 1.0 0.0 1.0 0.0 1.0 0.0 1.0 0.0 0.0
1.0 0.0 0.0 0.0 1.0 1.0 1.0 0.0 0.0 0.0
1.0 1.0 0.0 0.0 1.0 0.0 1.0 1.0 1.0 1.0
1.0 0.0 0.0 1.0 0.0 1.0 1.0 1.0 0.0 0.0
1.0 0.0 1.0 0.0 1.0 1.0 1.0 1.0 0.0 1.0
0.0 0.0 1.0 0.0 1.0 1.0 1.0 1.0 0.0 0.0
0.0 1.0 0.0 0.0 0.0 1.0 1.0 0.0 1.0 0.0
1.0 0.0 1.0 0.0 1.0 1.0 0.0 1.0 1.0 1.0
1.0 0.0 0.0 1.0 1.0 0.0 0.0 0.0 1.0 0.0
0.0 0.0 0.0 1.0 0.0 1.0 0.0 1.0 1.0 0.0
1.0 1.0 0.0 1.0 0.0 1.0 0.0 0.0 1.0 0.0
0.0 0.0 1.0 1.0 1.0 0.0 1.0 1.0 0.0 0.0
0.0 1.0 0.0 1.0 0.0 0.0 1.0 0.0 0.0 1.0
1.0 0.0 0.0 0.0 0.0 1.0 0.0 0.0 1.0 1.0
0.0 0.0 1.0 0.0 1.0 0.0 0.0 1.0 1.0 0.0
1.0 0.0 0.0 0.0 1.0 0.0 1.0 0.0 1.0 0.0
0.0 0.0 1.0 1.0 0.0 1.0 0.0 1.0 1.0 0.0
1.0 0.0 1.0 1.0 1.0 0.0 1.0 1.0 1.0 0.0
0.0 1.0 0.0 1.0 0.0 1.0 1.0 1.0 1.0 1.0
0.0 1.0 1.0 1.0 0.0 0.0 1.0 1.0 1.0 1.0
0.0 0.0 1.0 1.0 1.0 0.0 1.0 1.0 1.0 1.0
0.0 1.0 1.0 1.0 0.0 1.0 1.0 1.0 1.0 0.0
0.0 1.0 1.0 1.0 1.0 0.0 0.0 1.0 0.0 0.0
1.0 1.0 1.0 0.0 0.0 0.0 0.0 1.0 1.0 0.0
0.0 0.0 1.0 1.0 0.0 1.0 1.0 0.0 1.0 0.0
0.0 1.0 1.0 0.0 1.0 1.0 0.0 1.0 0.0 0.0
1.0 1.0 1.0 1.0 1.0 0.0 0.0 0.0 1.0 1.0
1.0 1.0 0.0 1.0 0.0 0.0 1.0 1.0 0.0 0.0
1.0 0.0 1.0 0.0 0.0 1.0 1.0 0.0 0.0 0.0
1.0 0.0 0.0 1.0 0.0 0.0 0.0 1.0 1.0 0.0
0.0 0.0 1.0 0.0 0.0 1.0 1.0 1.0 1.0 0.0
1.0 0.0 1.0 1.0 1.0 1.0 0.0 0.0 1.0 1.0
0.0 1.0 0.0 1.0 1.0 1.0 0.0 1.0 0.0 0.0
0.0 1.0 1.0 1.0 0.0 1.0 0.0 0.0 1.0 0.0
1.0 0.0 0.0 1.0 0.0 1.0 1.0 1.0 1.0 1.0
1.0 1.0 0.0 1.0 1.0 1.0 0.0 1.0 0.0 1.0
1.0 0.0 1.0 1.0 0.0 1.0 1.0 1.0 0.0 1.0
0.0 1.0 1.0 0.0 1.0 0.0 1.0 0.0 1.0 0.0
1.0 1.0 1.0 0.0 1.0 0.0 1.0 0.0 0.0 0.0
1.0 1.0 0.0 0.0 0.0 1.0 0.0 0.0 1.0 0.0
1.0 0.0 0.0 0.0 1.0 1.0 1.0 1.0 0.0 0.0
0.0 0.0 1.0 1.0 1.0 1.0 1.0 0.0 0.0 0.0
1.0 1.0 0.0 1.0 1.0 0.0 0.0 1.0 1.0 1.0
1.0 1.0 1.0 1.0 1.0 1.0 0.0 0.0 1.0 0.0
1.0 0.0 1.0 1.0 0.0 1.0 1.0 0.0 1.0 1.0
0.0 1.0 0.0 0.0 1.0 1.0 0.0 1.0 1.0 0.0
1.0 1.0 1.0 0.0 1.0 0.0 0.0 1.0 1.0 1.0
1.0 0.0 1.0 1.0 1.0 0.0 1.0 0.0 0.0 0.0
0.0 1.0 0.0 1.0 0.0 1.0 0.0 0.0 1.0 0.0
1.0 0.0 1.0 0.0 1.0 0.0 0.0 1.0 1.0 0.0
1.0 0.0 0.0 0.0 0.0 0.0 1.0 1.0 1.0 0.0
0.0 0.0 0.0 1.0 0.0 1.0 1.0 1.0 1.0 0.0
0.0 1.0 1.0 1.0 1.0 0.0 1.0 0.0 1.0 1.0
1.0 0.0 1.0 1.0 1.0 1.0 1.0 0.0 0.0 1.0
0.0 1.0 1.0 1.0 1.0 1.0 0.0 0.0 0.0 0.0
1.0 1.0 0.0 1.0 1.0 0.0 0.0 0.0 0.0 0.0
1.0 0.0 0.0 1.0 0.0 1.0 0.0 0.0 0.0 1.0
0.0 0.0 1.0 0.0 1.0 1.0 0.0 0.0 1.0 0.0
0.0 1.0 0.0 1.0 1.0 1.0 0.0 1.0 1.0 1.0
0.0 1.0 0.0 0.0 1.0 1.0 1.0 0.0 1.0 0.0
0.0 1.0 1.0 0.0 1.0 1.0 0.0 1.0 1.0 1.0
0.0 1.0 1.0 1.0 1.0 0.0 0.0 0.0 1.0 0.0
0.0 1.0 1.0 0.0 1.0 1.0 1.0 0.0 0.0 0.0
1.0 0.0 1.0 1.0 1.0 0.0 0.0 0.0 1.0 0.0
0.0 1.0 1.0 1.0 0.0 0.0 0.0 1.0 0.0 0.0
1.0 1.0 1.0 0.0 1.0 0.0 0.0 1.0 0.0 0.0
1.0 1.0 1.0 1.0 0.0 0.0 1.0 0.0 0.0 0.0
1.0 0.0 1.0 0.0 1.0 1.0 0.0 0.0 1.0 0.0
1.0 1.0 0.0 0.0 0.0 1.0 1.0 1.0 0.0 0.0
0.0 0.0 0.0 1.0 1.0 1.0 1.0 0.0 0.0 0.0
0.0 0.0 0.0 1.0 1.0 1.0 0.0 0.0 1.0 0.0
0.0 1.0 1.0 1.0 0.0 0.0 1.0 0.0 0.0 0.0
1.0 1.0 1.0 0.0 0.0 1.0 0.0 0.0 0.0 0.0
1.0 1.0 1.0 0.0 1.0 1.0 0.0 0.0 0.0 0.0
1.0 1.0 0.0 0.0 0.0 1.0 0.0 1.0 0.0 0.0
1.0 0.0 1.0 0.0 1.0 0.0 1.0 0.0 0.0 0.0
1.0 0.0 1.0 0.0 1.0 1.0 0.0 1.0 0.0 0.0
1.0 1.0 1.0 0.0 0.0 0.0 0.0 0.0 1.0 0.0
1.0 1.0 1.0 0.0 0.0 0.0 0.0 1.0 0.0 0.0
0.0 1.0 1.0 1.0 0.0 0.0 1.0 1.0 0.0 0.0
1.0 1.0 0.0 0.0 0.0 1.0 1.0 0.0 1.0 0.0
1.0 0.0 0.0 0.0 1.0 0.0 0.0 1.0 1.0 0.0
0.0 1.0 0.0 0.0 1.0 0.0 1.0 0.0 1.0 0.0
1.0 0.0 0.0 1.0 0.0 0.0 0.0 1.0 0.0 1.0
0.0 0.0 1.0 0.0 0.0 0.0 1.0 0.0 0.0 0.0
0.0 1.0 1.0 0.0 0.0 1.0 0.0 0.0 1.0 0.0
1.0 0.0 0.0 1.0 0.0 0.0 1.0 1.0 0.0 0.0
0.0 0.0 1.0 0.0 0.0 0.0 1.0 0.0 1.0 1.0
0.0 1.0 1.0 0.0 0.0 0.0 0.0 1.0 0.0 1.0
1.0 1.0 1.0 0.0 1.0 0.0 1.0 1.0 0.0 1.0
0.0 0.0 1.0 0.0 1.0 0.0 1.0 1.0 1.0 0.0
0.0 1.0 0.0 1.0 0.0 0.0 1.0 1.0 0.0 0.0
0.0 1.0 1.0 0.0 1.0 0.0 0.0 0.0 0.0 1.0
0.0 0.0 0.0 0.0 0.0 1.0 0.0 1.0 1.0 1.0
0.0 0.0 0.0 0.0 1.0 0.0 1.0 1.0 1.0 0.0
0.0 0.0 0.0 1.0 0.0 0.0 1.0 1.0 0.0 1.0
0.0 0.0 1.0 0.0 0.0 1.0 1.0 0.0 0.0 1.0
1.0 0.0 0.0 0.0 0.0 1.0 1.0 0.0 1.0 0.0
0.0 1.0 1.0 1.0 0.0 1.0 1.0 0.0 1.0 1.0
1.0 1.0 0.0 1.0 0.0 0.0 1.0 0.0 1.0 0.0
1.0 0.0 0.0 0.0 0.0 1.0 0.0 1.0 1.0 0.0
0.0 0.0 0.0 0.0 1.0 0.0 0.0 0.0 0.0 0.0
0.0 0.0 0.0 1.0 0.0 1.0 0.0 0.0 1.0 1.0
0.0 1.0 0.0 1.0 1.0 0.0 1.0 1.0 1.0 1.0
1.0 0.0 0.0 1.0 1.0 0.0 1.0 0.0 1.0 0.0
0.0 0.0 1.0 1.0 0.0 0.0 0.0 1.0 1.0 0.0
0.0 1.0 0.0 0.0 0.0 0.0 1.0 1.0 0.0 1.0
0.0 0.0 0.0 1.0 0.0 1.0 0.0 0.0 0.0 0.0
1.0 0.0 1.0 1.0 1.0 0.0 1.0 0.0 1.0 1.0
0.0 1.0 0.0 0.0 1.0 1.0 1.0 0.0 0.0 0.0
0.0 0.0 1.0 1.0 0.0 1.0 1.0 1.0 1.0 1.0
0.0 1.0 1.0 0.0 1.0 0.0 1.0 0.0 0.0 0.0
0.0 1.0 0.0 0.0 0.0 0.0 0.0 1.0 1.0 1.0
0.0 1.0 0.0 1.0 1.0 1.0 1.0 0.0 0.0 0.0
0.0 0.0 0.0 1.0 1.0 0.0 1.0 0.0 0.0 1.0
1.0 0.0 1.0 0.0 0.0 0.0 0.0 1.0 0.0 1.0
0.0 1.0 1.0 0.0 0.0 1.0 1.0 0.0 1.0 0.0
1.0 0.0 0.0 1.0 0.0 0.0 1.0 0.0 1.0 0.0
0.0 0.0 1.0 0.0 0.0 1.0 0.0 1.0 1.0 0.0
1.0 0.0 1.0 0.0 0.0 1.0 0.0 0.0 1.0 0.0
1.0 1.0 0.0 1.0 1.0 1.0 1.0 1.0 0.0 0.0
1.0 1.0 0.0 0.0 0.0 0.0 1.0 0.0 1.0 0.0
0.0 0.0 0.0 0.0 1.0 1.0 1.0 1.0 0.0 0.0
1.0 1.0 0.0 1.0 0.0 0.0 0.0 0.0 1.0 0.0
0.0 0.0 0.0 0.0 1.0 0.0 1.0 1.0 0.0 1.0
0.0 0.0 1.0 0.0 1.0 1.0 1.0 0.0 0.0 0.0
1.0 1.0 0.0 1.0 0.0 1.0 1.0 1.0 0.0 1.0
0.0 0.0 1.0 0.0 0.0 1.0 1.0 0.0 1.0 0.0
1.0 1.0 1.0 1.0 1.0 0.0 1.0 0.0 0.0 1.0
0.0 1.0 0.0 0.0 1.0 1.0 1.0 1.0 0.0 0.0
1.0 0.0 0.0 0.0 1.0 0.0 1.0 0.0 0.0 1.0
0.0 0.0 1.0 1.0 0.0 1.0 0.0 0.0 1.0 0.0
0.0 1.0 0.0 0.0 1.0 1.0 0.0 1.0 0.0 0.0
1.0 0.0 0.0 0.0 1.0 1.0 1.0 1.0 1.0 1.0
1.0 1.0 0.0 1.0 0.0 1.0 1.0 0.0 1.0 1.0
1.0 0.0 1.0 0.0 1.0 1.0 1.0 0.0 0.0 0.0
0.0 1.0 1.0 1.0 0.0 1.0 0.0 1.0 0.0 0.0
0.0 1.0 0.0 0.0 0.0 1.0 0.0 1.0 0.0 1.0
0.0 1.0 0.0 0.0 0.0 0.0 1.0 0.0 1.0 1.0
1.0 0.0 1.0 0.0 0.0 0.0 0.0 1.0 1.0 0.0
0.0 1.0 0.0 0.0 1.0 0.0 0.0 1.0 0.0 1.0
1.0 0.0 1.0 0.0 1.0 0.0 1.0 0.0 1.0 0.0
0.0 1.0 1.0 1.0 0.0 0.0 0.0 1.0 1.0 0.0
0.0 0.0 1.0 1.0 1.0 1.0 0.0 1.0 0.0 0.0
1.0 1.0 0.0 0.0 0.0 0.0 0.0 0.0 1.0 1.0
1.0 0.0 0.0 1.0 1.0 0.0 1.0 0.0 0.0 0.0
0.0 1.0 0.0 0.0 1.0 0.0 0.0 1.0 1.0 0.0
1.0 1.0 1.0 1.0 0.0 0.0 0.0 1.0 0.0 0.0
0.0 1.0 0.0 1.0 0.0 0.0 0.0 1.0 0.0 1.0
0.0 0.0 0.0 0.0 0.0 1.0 0.0 1.0 0.0 0.0
1.0 0.0 1.0 0.0 1.0 0.0 1.0 1.0 0.0 0.0
1.0 0.0 1.0 0.0 0.0 1.0 0.0 1.0 1.0 0.0
1.0 0.0 0.0 0.0 1.0 0.0 1.0 1.0 0.0 0.0
1.0 0.0 1.0 0.0 1.0 0.0 0.0 0.0 1.0 0.0
1.0 0.0 0.0 1.0 0.0 1.0 0.0 0.0 1.0 0.0
0.0 1.0 0.0 0.0 1.0 0.0 1.0 1.0 0.0 0.0
1.0 0.0 1.0 1.0 1.0 1.0 0.0 0.0 0.0 0.0
0.0 1.0 0.0 1.0 1.0 0.0 0.0 0.0 1.0 0.0
0.0 1.0 0.0 1.0 1.0 1.0 0.0 0.0 0.0 0.0
1.0 0.0 0.0 1.0 1.0 1.0 0.0 0.0 1.0 0.0
1.0 0.0 1.0 0.0 0.0 0.0 1.0 1.0 0.0 0.0
0.0 0.0 1.0 1.0 1.0 0.0 0.0 1.0 1.0 0.0
1.0 0.0 1.0 0.0 0.0 1.0 1.0 1.0 0.0 0.0
0.0 1.0 0.0 1.0 1.0 0.0 0.0 0.0 0.0 1.0
1.0 0.0 1.0 1.0 0.0 1.0 0.0 0.0 1.0 0.0
1.0 1.0 0.0 0.0 1.0 1.0 0.0 1.0 0.0 0.0
1.0 1.0 0.0 1.0 1.0 0.0 1.0 0.0 0.0 0.0
1.0 0.0 0.0 1.0 0.0 0.0 1.0 1.0 1.0 0.0
0.0 0.0 0.0 1.0 1.0 0.0 0.0 0.0 1.0 1.0
0.0 1.0 0.0 1.0 0.0 1.0 0.0 1.0 0.0 0.0
1.0 0.0 1.0 0.0 0.0 0.0 1.0 0.0 1.0 0.0
1.0 1.0 0.0 1.0 0.0 1.0 1.0 0.0 0.0 0.0
1.0 1.0 0.0 1.0 1.0 1.0 0.0 0.0 0.0 0.0
0.0 0.0 1.0 1.0 0.0 1.0 1.0 0.0 0.0 0.0
0.0 1.0 1.0 0.0 1.0 0.0 0.0 0.0 1.0 0.0
0.0 1.0 0.0 0.0 0.0 1.0 1.0 1.0 1.0 0.0
1.0 0.0 0.0 0.0 1.0 0.0 0.0 1.0 0.0 1.0
0.0 0.0 1.0 1.0 0.0 0.0 0.0 0.0 1.0 1.0
1.0 0.0 1.0 1.0 0.0 1.0 0.0 1.0 0.0 0.0
1.0 1.0 0.0 0.0 1.0 0.0 0.0 1.0 0.0 0.0
0.0 1.0 1.0 0.0 1.0 0.0 1.0 1.0 0.0 0.0
1.0 1.0 0.0 1.0 0.0 0.0 1.0 0.0 0.0 0.0
1.0 0.0 0.0 0.0 0.0 1.0 0.0 0.0 0.0 0.0
0.0 0.0 0.0 0.0 1.0 0.0 0.0 0.0 1.0 1.0
0.0 0.0 1.0 0.0 1.0 1.0 0.0 1.0 0.0 0.0
1.0 0.0 1.0 0.0 1.0 0.0 0.0 1.0 0.0 0.0
0.0 1.0 0.0 1.0 1.0 0.0 0.0 1.0 0.0 0.0
0.0 1.0 0.0 1.0 1.0 0.0 1.0 1.0 0.0 0.0
1.0 0.0 0.0 0.0 1.0 1.0 0.0 0.0 0.0 1.0
0.0 0.0 1.0 1.0 1.0 1.0 0.0 0.0 0.0 0.0
1.0 1.0 0.0 0.0 1.0 0.0 1.0 1.0 0.0 0.0
1.0 0.0 0.0 1.0 0.0 1.0 1.0 0.0 0.0 0.0
0.0 0.0 0.0 0.0 1.0 1.0 0.0 0.0 0.0 1.0
1.0 0.0 1.0 1.0 0.0 0.0 0.0 1.0 0.0 0.0
1.0 0.0 0.0 1.0 1.0 1.0 0.0 1.0 0.0 0.0
0.0 0.0 1.0 1.0 1.0 0.0 1.0 0.0 0.0 0.0
0.0 1.0 1.0 1.0 0.0 0.0 0.0 0.0 0.0 1.0
0.0 1.0 1.0 0.0 0.0 0.0 0.0 1.0 1.0 0.0
0.0 1.0 0.0 1.0 1.0 0.0 1.0 0.0 0.0 0.0
1.0 0.0 0.0 0.0 1.0 0.0 1.0 1.0 1.0 0.0
0.0 1.0 1.0 0.0 1.0 0.0 0.0 1.0 0.0 0.0
1.0 1.0 0.0 1.0 0.0 0.0 0.0 0.0 0.0 1.0
1.0 0.0 0.0 0.0 0.0 0.0 0.0 0.0 1.0 0.0
0.0 0.0 1.0 0.0 0.0 1.0 0.0 1.0 0.0 1.0
0.0 0.0 0.0 0.0 1.0 0.0 1.0 0.0 0.0 1.0
0.0 0.0 1.0 1.0 0.0 0.0 0.0 0.0 0.0 0.0
0.0 1.0 0.0 0.0 0.0 1.0 0.0 0.0 1.0 1.0
1.0 0.0 0.0 0.0 1.0 1.0 0.0 1.0 0.0 0.0
0.0 0.0 0.0 1.0 0.0 1.0 1.0 1.0 0.0 0.0
1.0 1.0 0.0 0.0 0.0 1.0 1.0 0.0 0.0 0.0
1.0 0.0 0.0 0.0 0.0 0.0 1.0 0.0 0.0 0.0
0.0 0.0 0.0 0.0 0.0 1.0 0.0 0.0 1.0 0.0
0.0 0.0 0.0 1.0 0.0 0.0 1.0 1.0 1.0 0.0
1.0 0.0 0.0 0.0 1.0 0.0 0.0 0.0 1.0 1.0
0.0 1.0 0.0 0.0 1.0 0.0 0.0 0.0 1.0 1.0
1.0 0.0 0.0 1.0 0.0 0.0 0.0 0.0 0.0 0.0
0.0 0.0 1.0 0.0 0.0 0.0 0.0 0.0 0.0 0.0
0.0 0.0 1.0 0.0 1.0 0.0 0.0 0.0 1.0 1.0
1.0 0.0 1.0 1.0 0.0 1.0 0.0 0.0 0.0 0.0
0.0 1.0 0.0 0.0 1.0 1.0 0.0 0.0 1.0 0.0
1.0 0.0 0.0 0.0 0.0 0.0 0.0 1.0 1.0 1.0
0.0 0.0 0.0 0.0 0.0 0.0 1.0 1.0 0.0 0.0
1.0 0.0 0.0 1.0 1.0 0.0 0.0 0.0 0.0 1.0
1.0 1.0 0.0 0.0 1.0 0.0 0.0 0.0 1.0 0.0
0.0 1.0 0.0 0.0 0.0 0.0 1.0 0.0 0.0 0.0
1.0 0.0 0.0 0.0 0.0 0.0 0.0 0.0 0.0 0.0
0.0 1.0 0.0 0.0 1.0 1.0 0.0 0.0 0.0 1.0
1.0 1.0 1.0 0.0 0.0 0.0 0.0 0.0 0.0 1.0
0.0 0.0 0.0 0.0 0.0 1.0 1.0 1.0 1.0 0.0
1.0 1.0 0.0 0.0 1.0 1.0 0.0 0.0 0.0 0.0
0.0 0.0 0.0 1.0 0.0 0.0 0.0 1.0 1.0 1.0
0.0 0.0 0.0 0.0 0.0 0.0 1.0 1.0 1.0 1.0
0.0 0.0 1.0 0.0 0.0 0.0 1.0 1.0 1.0 0.0
1.0 0.0 1.0 0.0 0.0 1.0 0.0 1.0 0.0 0.0
0.0 0.0 0.0 0.0 1.0 0.0 1.0 0.0 1.0 1.0
0.0 0.0 1.0 1.0 0.0 0.0 0.0 1.0 0.0 1.0
0.0 0.0 0.0 1.0 0.0 0.0 0.0 1.0 0.0 0.0
0.0 0.0 0.0 0.0 0.0 0.0 0.0 0.0 1.0 0.0
0.0 0.0 0.0 0.0 0.0 0.0 0.0 1.0 1.0 0.0
0.0 0.0 0.0 0.0 0.0 1.0 1.0 0.0 1.0 1.0
0.0 0.0 0.0 0.0 1.0 0.0 0.0 1.0 0.0 1.0
0.0 1.0 0.0 0.0 0.0 0.0 0.0 1.0 0.0 0.0
0.0 0.0 0.0 1.0 1.0 0.0 0.0 0.0 0.0 1.0
0.0 0.0 0.0 1.0 0.0 0.0 1.0 0.0 1.0 1.0
0.0 0.0 0.0 0.0 0.0 1.0 0.0 0.0 0.0 0.0
0.0 0.0 0.0 1.0 0.0 1.0 0.0 1.0 0.0 1.0
0.0 0.0 0.0 0.0 1.0 1.0 1.0 0.0 0.0 1.0
0.0 0.0 0.0 1.0 0.0 0.0 0.0 0.0 0.0 0.0
0.0 0.0 0.0 0.0 0.0 0.0 0.0 0.0 0.0 0.0
0.0 0.0 0.0 0.0 0.0 1.0 1.0 0.0 0.0 0.0
0.0 0.0 1.0 1.0 0.0 1.0 0.0 0.0 0.0 1.0
0.0 1.0 0.0 0.0 1.0 0.0 0.0 0.0 0.0 1.0
0.0 0.0 1.0 1.0 1.0 0.0 0.0 0.0 0.0 1.0
0.0 1.0 0.0 1.0 0.0 0.0 0.0 0.0 1.0 1.0
1.0 0.0 0.0 0.0 0.0 1.0 0.0 1.0 0.0 1.0
0.0 1.0 1.0 1.0 1.0 0.0 0.0 0.0 0.0 0.0
1.0 1.0 0.0 0.0 0.0 0.0 0.0 0.0 0.0 0.0
1.0 0.0 1.0 0.0 0.0 0.0 0.0 0.0 0.0 0.0
0.0 1.0 1.0 0.0 0.0 0.0 0.0 0.0 0.0 0.0
1.0 0.0 0.0 1.0 0.0 0.0 1.0 0.0 0.0 1.0
0.0 1.0 0.0 0.0 1.0 0.0 1.0 0.0 0.0 1.0
0.0 0.0 1.0 0.0 0.0 0.0 1.0 1.0 0.0 1.0
1.0 0.0 0.0 0.0 1.0 0.0 0.0 0.0 0.0 1.0
1.0 0.0 1.0 1.0 0.0 0.0 0.0 0.0 0.0 1.0
0.0 0.0 1.0 0.0 1.0 0.0 0.0 0.0 0.0 1.0
1.0 0.0 0.0 0.0 0.0 0.0 1.0 1.0 0.0 1.0
0.0 0.0 0.0 0.0 0.0 0.0 1.0 0.0 0.0 0.0
0.0 0.0 1.0 0.0 0.0 0.0 0.0 0.0 1.0 0.0
1.0 1.0 0.0 0.0 0.0 0.0 1.0 0.0 0.0 1.0
1.0 0.0 1.0 0.0 0.0 1.0 0.0 0.0 0.0 1.0
0.0 0.0 1.0 0.0 0.0 1.0 0.0 0.0 1.0 1.0
0.0 0.0 0.0 0.0 0.0 0.0 0.0 1.0 0.0 0.0
0.0 1.0 1.0 0.0 0.0 0.0 1.0 0.0 0.0 1.0
0.0 1.0 0.0 0.0 0.0 0.0 0.0 0.0 0.0 0.0
0.0 0.0 0.0 1.0 0.0 0.0 0.0 0.0 1.0 0.0
0.0 0.0 0.0 0.0 0.0 1.0 1.0 1.0 0.0 1.0
1.0 0.0 1.0 0.0 0.0 0.0 1.0 0.0 0.0 1.0
0.0 0.0 1.0 0.0 1.0 1.0 0.0 0.0 0.0 1.0
1.0 0.0 1.0 0.0 0.0 0.0 0.0 0.0 1.0 1.0
0.0 1.0 0.0 0.0 0.0 1.0 0.0 1.0 1.0 0.0
0.0 0.0 1.0 0.0 0.0 0.0 0.0 1.0 0.0 0.0
1.0 0.0 1.0 1.0 0.0 0.0 1.0 0.0 0.0 0.0
0.0 1.0 0.0 0.0 0.0 1.0 0.0 0.0 0.0 0.0
0.0 0.0 0.0 0.0 0.0 0.0 1.0 0.0 1.0 0.0
0.0 0.0 1.0 1.0 0.0 0.0 1.0 0.0 0.0 1.0
1.0 0.0 0.0 0.0 0.0 0.0 0.0 1.0 0.0 0.0
0.0 0.0 0.0 0.0 1.0 0.0 0.0 1.0 1.0 1.0
0.0 1.0 1.0 0.0 0.0 0.0 0.0 0.0 1.0 1.0
1.0 1.0 0.0 0.0 0.0 0.0 0.0 1.0 0.0 1.0
0.0 0.0 0.0 0.0 1.0 1.0 0.0 1.0 0.0 1.0
0.0 0.0 1.0 0.0 0.0 1.0 1.0 1.0 0.0 0.0
0.0 0.0 1.0 1.0 0.0 1.0 0.0 1.0 0.0 0.0
0.0 1.0 1.0 0.0 0.0 1.0 0.0 0.0 0.0 1.0
0.0 0.0 1.0 0.0 1.0 0.0 1.0 0.0 0.0 1.0
0.0 1.0 0.0 1.0 0.0 1.0 0.0 0.0 0.0 1.0
0.0 1.0 0.0 1.0 0.0 0.0 0.0 0.0 0.0 0.0
1.0 0.0 0.0 0.0 0.0 1.0 1.0 0.0 0.0 1.0
0.0 0.0 0.0 1.0 1.0 0.0 1.0 0.0 1.0 0.0
0.0 1.0 0.0 0.0 0.0 0.0 0.0 0.0 1.0 0.0
0.0 0.0 0.0 0.0 1.0 1.0 0.0 1.0 1.0 0.0
0.0 1.0 0.0 1.0 0.0 0.0 1.0 0.0 1.0 0.0
0.0 0.0 1.0 0.0 1.0 1.0 1.0 0.0 1.0 0.0
1.0 1.0 0.0 0.0 1.0 0.0 0.0 0.0 0.0 1.0
1.0 0.0 1.0 1.0 0.0 0.0 1.0 0.0 1.0 0.0