# 168 of 1
# 344 of 0
1.0 0.0 1.0 1.0 1.0 0.0 0.0 1.0 1.0 0.0
0.0 1.0 1.0 1.0 0.0 1.0 1.0 1.0 1.0 0.0
1.0 1.0 1.0 0.0 1.0 1.0 1.0 1.0 0.0 0.0
1.0 1.0 1.0 1.0 1.0 0.0 1.0 0.0 1.0 0.0
1.0 1.0 0.0 1.0 0.0 1.0 0.0 1.0 1.0 1.0
1.0 0.0 0.0 0.0 1.0 0.0 1.0 1.0 1.0 0.0
0.0 0.0 0.0 1.0 0.0 0.0 1.0 1.0 1.0 0.0
0.0 0.0 1.0 0.0 0.0 1.0 1.0 1.0 1.0 0.0
0.0 1.0 1.0 0.0 1.0 0.0 1.0 1.0 1.0 0.0
1.0 1.0 1.0 1.0 0.0 1.0 1.0 1.0 1.0 0.0
1.0 1.0 1.0 0.0 1.0 0.0 1.0 1.0 1.0 0.0
1.0 1.0 0.0 0.0 1.0 1.0 1.0 1.0 1.0 0.0
1.0 0.0 0.0 1.0 1.0 1.0 1.0 1.0 1.0 0.0
0.0 0.0 0.0 1.0 1.0 1.0 1.0 1.0 0.0 0.0
0.0 0.0 1.0 1.0 1.0 0.0 1.0 0.0 1.0 0.0
0.0 1.0 1.0 1.0 0.0 0.0 0.0 1.0 1.0 0.0
1.0 1.0 1.0 0.0 0.0 1.0 1.0 1.0 0.0 1.0
1.0 1.0 0.0 0.0 1.0 1.0 1.0 0.0 1.0 0.0
1.0 0.0 1.0 1.0 1.0 1.0 0.0 1.0 0.0 0.0
0.0 1.0 1.0 1.0 1.0 1.0 1.0 0.0 1.0 0.0
1.0 1.0 1.0 1.0 1.0 0.0 0.0 1.0 1.0 0.0
1.0 1.0 1.0 1.0 0.0 0.0 1.0 1.0 1.0 0.0
1.0 1.0 1.0 0.0 0.0 0.0 1.0 1.0 1.0 1.0
1.0 1.0 1.0 0.0 0.0 1.0 1.0 1.0 1.0 0.0
1.0 1.0 1.0 0.0 1.0 1.0 1.0 1.0 1.0 0.0
1.0 1.0 1.0 1.0 1.0 0.0 1.0 1.0 1.0 0.0
1.0 1.0 1.0 1.0 0.0 0.0 1.0 1.0 0.0 1.0
1.0 1.0 1.0 0.0 0.0 1.0 1.0 0.0 0.0 0.0
1.0 1.0 1.0 0.0 1.0 0.0 0.0 0.0 1.0 0.0
1.0 0.0 1.0 0.0 1.0 0.0 1.0 1.0 0.0 0.0
0.0 1.0 0.0 1.0 0.0 1.0 1.0 0.0 1.0 0.0
1.0 0.0 1.0 0.0 1.0 1.0 0.0 1.0 1.0 0.0
0.0 1.0 1.0 1.0 1.0 1.0 1.0 1.0 0.0 0.0
1.0 1.0 1.0 1.0 1.0 1.0 1.0 0.0 1.0 0.0
1.0 1.0 0.0 1.0 1.0 1.0 0.0 1.0 1.0 0.0
0.0 0.0 1.0 1.0 1.0 1.0 1.0 1.0 1.0 0.0
0.0 1.0 0.0 1.0 1.0 1.0 1.0 1.0 1.0 0.0
0.0 1.0 0.0 1.0 1.0 0.0 1.0 1.0 0.0 0.0
1.0 0.0 1.0 1.0 0.0 1.0 1.0 0.0 1.0 1.0
0.0 1.0 1.0 0.0 1.0 1.0 0.0 1.0 1.0 0.0
1.0 1.0 1.0 1.0 1.0 0.0 1.0 1.0 0.0 0.0
1.0 1.0 1.0 1.0 0.0 1.0 1.0 0.0 0.0 1.0
1.0 1.0 0.0 0.0 1.0 1.0 0.0 0.0 1.0 0.0
0.0 1.0 0.0 1.0 1.0 1.0 1.0 0.0 1.0 0.0
1.0 0.0 1.0 1.0 1.0 1.0 0.0 1.0 1.0 0.0
0.0 1.0 1.0 1.0 1.0 0.0 1.0 1.0 1.0 0.0
1.0 1.0 0.0 1.0 0.0 1.0 1.0 1.0 1.0 0.0
1.0 0.0 1.0 0.0 1.0 1.0 1.0 1.0 1.0 0.0
0.0 0.0 1.0 1.0 1.0 1.0 1.0 1.0 0.0 0.0
0.0 1.0 0.0 1.0 1.0 1.0 1.0 0.0 0.0 0.0
1.0 0.0 1.0 1.0 1.0 1.0 0.0 0.0 0.0 0.0
0.0 1.0 1.0 1.0 1.0 1.0 0.0 0.0 1.0 0.0
1.0 1.0 1.0 1.0 1.0 1.0 0.0 1.0 0.0 0.0
1.0 1.0 1.0 1.0 1.0 0.0 1.0 0.0 0.0 0.0
1.0 1.0 0.0 1.0 0.0 1.0 0.0 0.0 1.0 0.0
1.0 0.0 0.0 0.0 1.0 1.0 0.0 1.0 1.0 0.0
0.0 0.0 1.0 1.0 1.0 0.0 1.0 1.0 0.0 0.0
0.0 1.0 1.0 1.0 0.0 1.0 1.0 0.0 0.0 0.0
1.0 1.0 1.0 1.0 0.0 1.0 0.0 1.0 0.0 1.0
1.0 0.0 0.0 1.0 1.0 1.0 0.0 1.0 1.0 0.0
0.0 0.0 1.0 1.0 1.0 1.0 1.0 0.0 0.0 0.0
1.0 0.0 0.0 1.0 1.0 0.0 1.0 1.0 1.0 0.0
0.0 0.0 1.0 1.0 0.0 0.0 1.0 1.0 1.0 0.0
0.0 1.0 0.0 0.0 0.0 1.0 1.0 1.0 1.0 0.0
1.0 0.0 1.0 0.0 1.0 1.0 1.0 1.0 0.0 0.0
0.0 1.0 0.0 1.0 1.0 0.0 1.0 0.0 1.0 0.0
1.0 0.0 1.0 1.0 0.0 1.0 0.0 1.0 1.0 1.0
0.0 1.0 1.0 0.0 1.0 1.0 1.0 1.0 1.0 0.0
1.0 1.0 1.0 1.0 1.0 1.0 1.0 1.0 0.0 0.0
1.0 1.0 1.0 1.0 1.0 1.0 0.0 1.0 1.0 0.0
1.0 1.0 0.0 1.0 1.0 0.0 0.0 1.0 0.0 0.0
1.0 1.0 0.0 1.0 1.0 0.0 1.0 1.0 1.0 0.0
1.0 0.0 1.0 1.0 0.0 0.0 1.0 1.0 1.0 1.0
0.0 1.0 1.0 0.0 0.0 1.0 1.0 1.0 1.0 1.0
1.0 1.0 1.0 0.0 1.0 0.0 1.0 1.0 0.0 0.0
1.0 1.0 0.0 1.0 1.0 1.0 1.0 0.0 1.0 0.0
0.0 1.0 1.0 1.0 1.0 1.0 1.0 1.0 1.0 0.0
1.0 1.0 1.0 1.0 1.0 1.0 1.0 1.0 1.0 0.0
1.0 1.0 1.0 1.0 0.0 1.0 1.0 0.0 1.0 0.0
1.0 1.0 1.0 0.0 1.0 0.0 0.0 1.0 1.0 0.0
1.0 1.0 1.0 0.0 0.0 0.0 1.0 1.0 0.0 0.0
1.0 1.0 0.0 1.0 0.0 0.0 0.0 1.0 1.0 0.0
1.0 0.0 1.0 0.0 0.0 1.0 1.0 1.0 1.0 1.0
1.0 0.0 1.0 1.0 0.0 0.0 1.0 1.0 0.0 0.0
0.0 1.0 0.0 0.0 0.0 1.0 1.0 0.0 1.0 0.0
1.0 0.0 1.0 0.0 1.0 0.0 0.0 1.0 1.0 0.0
1.0 1.0 1.0 0.0 0.0 1.0 1.0 0.0 1.0 1.0
1.0 1.0 1.0 0.0 1.0 1.0 0.0 1.0 0.0 0.0
1.0 0.0 0.0 1.0 1.0 1.0 0.0 1.0 0.0 0.0
0.0 0.0 1.0 1.0 1.0 1.0 1.0 0.0 1.0 0.0
0.0 1.0 1.0 1.0 1.0 0.0 0.0 1.0 0.0 0.0
1.0 1.0 0.0 1.0 0.0 1.0 1.0 0.0 1.0 1.0
1.0 0.0 1.0 0.0 1.0 1.0 0.0 1.0 0.0 0.0
1.0 0.0 1.0 1.0 1.0 1.0 1.0 1.0 1.0 0.0
1.0 1.0 1.0 1.0 0.0 1.0 0.0 1.0 1.0 0.0
1.0 1.0 0.0 0.0 1.0 0.0 1.0 1.0 1.0 0.0
1.0 0.0 1.0 1.0 0.0 1.0 1.0 1.0 0.0 1.0
0.0 1.0 1.0 0.0 1.0 1.0 1.0 0.0 1.0 0.0
1.0 0.0 0.0 1.0 1.0 1.0 1.0 1.0 0.0 0.0
0.0 1.0 0.0 1.0 1.0 0.0 0.0 1.0 1.0 0.0
1.0 1.0 1.0 1.0 1.0 1.0 1.0 0.0 0.0 0.0
1.0 1.0 0.0 1.0 1.0 0.0 0.0 0.0 0.0 1.0
1.0 0.0 1.0 1.0 0.0 1.0 0.0 0.0 1.0 0.0
0.0 1.0 0.0 0.0 1.0 1.0 0.0 1.0 1.0 0.0
0.0 0.0 0.0 1.0 1.0 0.0 1.0 1.0 1.0 0.0
0.0 0.0 1.0 1.0 0.0 0.0 1.0 1.0 0.0 0.0
0.0 1.0 1.0 1.0 1.0 1.0 1.0 0.0 0.0 0.0
1.0 1.0 0.0 1.0 1.0 1.0 0.0 0.0 1.0 0.0
1.0 0.0 0.0 1.0 1.0 0.0 0.0 1.0 1.0 0.0
0.0 0.0 1.0 1.0 0.0 1.0 1.0 1.0 0.0 0.0
0.0 1.0 0.0 0.0 1.0 1.0 1.0 0.0 0.0 1.0
1.0 0.0 1.0 1.0 1.0 1.0 0.0 0.0 1.0 0.0
0.0 1.0 1.0 1.0 1.0 1.0 0.0 1.0 0.0 0.0
0.0 0.0 1.0 1.0 0.0 1.0 1.0 1.0 1.0 1.0
1.0 1.0 1.0 1.0 0.0 1.0 1.0 1.0 0.0 0.0
1.0 1.0 1.0 0.0 1.0 0.0 1.0 0.0 1.0 0.0
1.0 0.0 1.0 1.0 0.0 1.0 1.0 1.0 1.0 0.0
1.0 1.0 1.0 1.0 1.0 1.0 0.0 0.0 1.0 0.0
1.0 1.0 0.0 1.0 1.0 0.0 0.0 1.0 1.0 0.0
1.0 1.0 0.0 1.0 0.0 1.0 1.0 1.0 0.0 1.0
1.0 0.0 1.0 0.0 1.0 1.0 1.0 0.0 1.0 0.0
0.0 1.0 0.0 1.0 1.0 1.0 0.0 1.0 1.0 0.0
1.0 0.0 1.0 1.0 1.0 0.0 1.0 1.0 1.0 0.0
1.0 1.0 0.0 1.0 1.0 1.0 1.0 1.0 1.0 0.0
1.0 0.0 1.0 1.0 1.0 1.0 1.0 1.0 0.0 0.0
0.0 1.0 1.0 1.0 1.0 0.0 1.0 0.0 0.0 0.0
1.0 1.0 1.0 1.0 0.0 1.0 0.0 0.0 1.0 1.0
1.0 1.0 1.0 0.0 1.0 0.0 0.0 1.0 0.0 0.0
1.0 1.0 1.0 1.0 0.0 0.0 1.0 0.0 1.0 1.0
1.0 1.0 0.0 0.0 0.0 0.0 0.0 1.0 0.0 1.0
1.0 0.0 1.0 0.0 0.0 1.0 1.0 0.0 1.0 0.0
0.0 1.0 1.0 0.0 1.0 1.0 1.0 1.0 0.0 0.0
1.0 1.0 1.0 1.0 0.0 0.0 0.0 1.0 1.0 1.0
0.0 1.0 1.0 1.0 0.0 0.0 1.0 1.0 1.0 1.0
1.0 1.0 1.0 0.0 1.0 0.0 1.0 0.0 0.0 0.0
1.0 1.0 0.0 0.0 1.0 1.0 0.0 1.0 1.0 0.0
0.0 1.0 0.0 1.0 0.0 1.0 1.0 1.0 1.0 1.0
0.0 1.0 0.0 1.0 1.0 1.0 1.0 1.0 0.0 0.0
1.0 0.0 1.0 1.0 1.0 1.0 1.0 0.0 0.0 0.0
0.0 1.0 0.0 1.0 1.0 1.0 0.0 0.0 1.0 0.0
0.0 1.0 1.0 1.0 1.0 0.0 1.0 1.0 0.0 0.0
1.0 1.0 1.0 0.0 0.0 1.0 0.0 1.0 1.0 1.0
1.0 0.0 1.0 1.0 1.0 0.0 1.0 0.0 1.0 0.0
0.0 1.0 1.0 1.0 0.0 1.0 0.0 1.0 0.0 0.0
1.0 1.0 1.0 0.0 1.0 1.0 1.0 0.0 0.0 0.0
1.0 0.0 1.0 1.0 1.0 0.0 0.0 1.0 0.0 0.0
0.0 1.0 1.0 1.0 0.0 1.0 1.0 0.0 1.0 1.0
1.0 1.0 1.0 0.0 1.0 1.0 0.0 1.0 1.0 0.0
1.0 1.0 1.0 1.0 1.0 0.0 0.0 0.0 0.0 0.0
1.0 1.0 0.0 1.0 0.0 0.0 0.0 0.0 1.0 0.0
1.0 0.0 1.0 0.0 0.0 1.0 0.0 1.0 1.0 0.0
0.0 1.0 0.0 0.0 1.0 0.0 1.0 1.0 0.0 1.0
1.0 0.0 0.0 1.0 0.0 1.0 1.0 0.0 1.0 0.0
0.0 0.0 0.0 0.0 1.0 0.0 0.0 1.0 1.0 1.0
0.0 1.0 1.0 1.0 1.0 0.0 1.0 0.0 1.0 0.0
1.0 1.0 0.0 1.0 0.0 1.0 0.0 1.0 0.0 0.0
1.0 0.0 0.0 0.0 1.0 1.0 1.0 0.0 1.0 0.0
0.0 0.0 1.0 1.0 1.0 1.0 0.0 1.0 1.0 0.0
1.0 1.0 0.0 1.0 1.0 1.0 1.0 1.0 0.0 0.0
1.0 0.0 0.0 1.0 1.0 1.0 1.0 0.0 1.0 0.0
0.0 0.0 1.0 1.0 1.0 0.0 0.0 1.0 1.0 0.0
0.0 1.0 0.0 1.0 0.0 0.0 1.0 1.0 0.0 0.0
1.0 1.0 1.0 1.0 1.0 0.0 0.0 1.0 0.0 0.0
1.0 1.0 1.0 1.0 0.0 0.0 1.0 0.0 0.0 0.0
1.0 1.0 1.0 0.0 0.0 1.0 0.0 0.0 1.0 0.0
1.0 0.0 0.0 1.0 0.0 1.0 1.0 1.0 1.0 1.0
0.0 0.0 1.0 0.0 1.0 1.0 1.0 1.0 1.0 0.0
1.0 1.0 0.0 1.0 0.0 1.0 0.0 0.0 0.0 0.0
1.0 0.0 1.0 0.0 1.0 0.0 0.0 0.0 1.0 1.0
1.0 1.0 1.0 1.0 0.0 0.0 0.0 0.0 1.0 0.0
1.0 1.0 0.0 0.0 0.0 0.0 1.0 1.0 0.0 0.0
1.0 0.0 0.0 0.0 0.0 1.0 1.0 0.0 1.0 0.0
0.0 0.0 1.0 0.0 1.0 1.0 0.0 1.0 1.0 0.0
1.0 0.0 1.0 1.0 0.0 1.0 1.0 0.0 0.0 0.0
0.0 1.0 0.0 0.0 1.0 1.0 0.0 0.0 1.0 1.0
1.0 0.0 1.0 0.0 1.0 0.0 1.0 1.0 1.0 0.0
1.0 1.0 0.0 0.0 1.0 1.0 0.0 1.0 0.0 0.0
1.0 0.0 0.0 1.0 1.0 0.0 1.0 0.0 1.0 0.0
0.0 0.0 1.0 1.0 0.0 1.0 0.0 1.0 1.0 0.0
1.0 1.0 0.0 0.0 1.0 0.0 1.0 0.0 1.0 0.0
1.0 0.0 0.0 1.0 0.0 0.0 0.0 1.0 1.0 0.0
0.0 1.0 1.0 1.0 1.0 1.0 0.0 0.0 0.0 0.0
1.0 1.0 0.0 1.0 0.0 0.0 1.0 1.0 1.0 1.0
1.0 0.0 1.0 0.0 0.0 0.0 1.0 1.0 0.0 0.0
1.0 0.0 0.0 0.0 1.0 1.0 0.0 1.0 0.0 1.0
0.0 0.0 1.0 1.0 1.0 0.0 1.0 0.0 0.0 1.0
0.0 1.0 0.0 1.0 0.0 0.0 0.0 0.0 1.0 1.0
1.0 0.0 0.0 0.0 0.0 1.0 0.0 1.0 1.0 0.0
0.0 0.0 0.0 1.0 1.0 0.0 1.0 0.0 0.0 1.0
0.0 0.0 1.0 1.0 0.0 1.0 0.0 0.0 1.0 0.0
0.0 1.0 1.0 0.0 1.0 1.0 0.0 1.0 0.0 0.0
1.0 1.0 0.0 1.0 1.0 0.0 1.0 0.0 1.0 0.0
1.0 0.0 1.0 1.0 0.0 0.0 0.0 1.0 1.0 0.0
1.0 1.0 1.0 0.0 0.0 1.0 0.0 1.0 0.0 0.0
0.0 1.0 0.0 1.0 0.0 1.0 0.0 1.0 0.0 0.0
0.0 0.0 1.0 1.0 1.0 1.0 0.0 1.0 0.0 0.0
0.0 0.0 0.0 1.0 1.0 0.0 1.0 0.0 1.0 1.0
1.0 0.0 0.0 0.0 0.0 1.0 1.0 1.0 0.0 0.0
0.0 0.0 1.0 0.0 1.0 1.0 1.0 0.0 0.0 1.0
1.0 1.0 0.0 1.0 0.0 0.0 1.0 0.0 1.0 0.0
0.0 1.0 1.0 0.0 1.0 0.0 1.0 1.0 0.0 0.0
1.0 1.0 1.0 0.0 0.0 0.0 0.0 1.0 1.0 0.0
1.0 0.0 0.0 1.0 0.0 1.0 0.0 1.0 1.0 0.0
0.0 0.0 1.0 0.0 1.0 0.0 1.0 1.0 1.0 0.0
0.0 1.0 1.0 1.0 0.0 1.0 1.0 1.0 0.0 1.0
1.0 0.0 1.0 0.0 1.0 0.0 1.0 0.0 0.0 1.0
0.0 1.0 1.0 1.0 0.0 1.0 0.0 0.0 1.0 0.0
0.0 1.0 1.0 1.0 0.0 1.0 0.0 1.0 1.0 1.0
0.0 0.0 1.0 1.0 1.0 0.0 0.0 1.0 0.0 1.0
0.0 1.0 1.0 1.0 0.0 0.0 1.0 0.0 1.0 0.0
1.0 0.0 0.0 1.0 0.0 1.0 0.0 1.0 0.0 0.0
0.0 0.0 1.0 0.0 1.0 1.0 1.0 0.0 1.0 0.0
0.0 1.0 0.0 1.0 1.0 0.0 0.0 1.0 0.0 1.0
0.0 0.0 0.0 0.0 1.0 1.0 1.0 0.0 0.0 1.0
0.0 0.0 1.0 1.0 1.0 1.0 0.0 0.0 1.0 0.0
0.0 1.0 1.0 1.0 1.0 1.0 0.0 1.0 1.0 0.0
0.0 1.0 0.0 1.0 0.0 1.0 1.0 0.0 0.0 0.0
1.0 0.0 1.0 0.0 1.0 1.0 0.0 0.0 1.0 0.0
0.0 1.0 0.0 1.0 1.0 1.0 0.0 1.0 0.0 0.0
0.0 1.0 0.0 1.0 0.0 1.0 0.0 1.0 1.0 0.0
0.0 1.0 0.0 1.0 0.0 0.0 1.0 0.0 0.0 1.0
1.0 0.0 1.0 0.0 0.0 1.0 0.0 0.0 0.0 1.0
0.0 1.0 0.0 0.0 1.0 1.0 0.0 0.0 0.0 1.0
1.0 1.0 0.0 0.0 1.0 0.0 0.0 1.0 0.0 1.0
0.0 0.0 1.0 0.0 1.0 0.0 0.0 1.0 0.0 1.0
0.0 1.0 1.0 1.0 0.0 0.0 1.0 0.0 0.0 0.0
1.0 1.0 1.0 1.0 1.0 0.0 0.0 0.0 1.0 0.0
0.0 1.0 1.0 0.0 1.0 1.0 1.0 0.0 0.0 0.0
1.0 1.0 1.0 0.0 1.0 1.0 1.0 0.0 1.0 0.0
1.0 1.0 0.0 1.0 1.0 1.0 0.0 1.0 0.0 0.0
1.0 0.0 1.0 1.0 1.0 1.0 1.0 0.0 1.0 0.0
1.0 0.0 1.0 1.0 0.0 0.0 1.0 0.0 1.0 0.0
0.0 1.0 1.0 0.0 0.0 1.0 0.0 1.0 0.0 0.0
0.0 1.0 0.0 1.0 1.0 0.0 1.0 1.0 1.0 0.0
1.0 0.0 0.0 1.0 0.0 0.0 1.0 1.0 1.0 0.0
0.0 0.0 1.0 0.0 0.0 0.0 1.0 1.0 0.0 1.0
0.0 1.0 1.0 0.0 0.0 0.0 1.0 0.0 0.0 1.0
1.0 1.0 0.0 0.0 1.0 1.0 1.0 0.0 0.0 0.0
0.0 1.0 0.0 0.0 1.0 0.0 1.0 1.0 1.0 0.0
0.0 1.0 0.0 0.0 1.0 0.0 1.0 0.0 0.0 1.0
1.0 0.0 0.0 1.0 0.0 0.0 0.0 0.0 0.0 0.0
0.0 0.0 1.0 0.0 0.0 1.0 0.0 0.0 0.0 0.0
0.0 1.0 1.0 0.0 1.0 1.0 0.0 0.0 0.0 1.0
1.0 1.0 0.0 0.0 0.0 1.0 1.0 1.0 1.0 1.0
1.0 0.0 1.0 1.0 1.0 0.0 1.0 1.0 0.0 0.0
1.0 1.0 1.0 0.0 0.0 1.0 0.0 0.0 0.0 0.0
1.0 1.0 1.0 0.0 1.0 0.0 0.0 0.0 0.0 1.0
0.0 0.0 1.0 0.0 1.0 0.0 1.0 1.0 0.0 1.0
1.0 1.0 0.0 0.0 1.0 0.0 0.0 0.0 1.0 1.0
0.0 0.0 0.0 1.0 0.0 0.0 1.0 1.0 0.0 1.0
0.0 0.0 1.0 0.0 0.0 1.0 1.0 0.0 0.0 1.0
1.0 0.0 1.0 1.0 1.0 0.0 0.0 0.0 0.0 1.0
0.0 1.0 1.0 1.0 0.0 0.0 0.0 0.0 0.0 1.0
0.0 1.0 0.0 1.0 0.0 0.0 1.0 0.0 1.0 0.0
1.0 0.0 0.0 0.0 0.0 0.0 0.0 1.0 1.0 1.0
0.0 0.0 1.0 0.0 0.0 0.0 1.0 1.0 1.0 0.0
0.0 1.0 1.0 0.0 0.0 0.0 1.0 1.0 1.0 0.0
1.0 0.0 0.0 1.0 0.0 0.0 0.0 1.0 0.0 1.0
0.0 0.0 1.0 0.0 0.0 0.0 1.0 0.0 1.0 1.0
0.0 1.0 0.0 0.0 0.0 0.0 0.0 1.0 0.0 0.0
0.0 1.0 0.0 1.0 1.0 0.0 0.0 0.0 0.0 1.0
1.0 0.0 0.0 1.0 0.0 0.0 0.0 0.0 1.0 1.0
0.0 0.0 1.0 0.0 0.0 1.0 0.0 1.0 0.0 1.0
0.0 1.0 0.0 0.0 1.0 0.0 1.0 0.0 1.0 1.0
1.0 0.0 1.0 1.0 0.0 0.0 1.0 0.0 0.0 0.0
0.0 1.0 1.0 0.0 0.0 1.0 0.0 0.0 0.0 1.0
1.0 1.0 1.0 0.0 1.0 1.0 0.0 0.0 1.0 0.0
1.0 0.0 0.0 1.0 1.0 0.0 1.0 1.0 0.0 0.0
0.0 0.0 1.0 1.0 0.0 0.0 1.0 0.0 1.0 0.0
0.0 1.0 1.0 0.0 0.0 0.0 0.0 1.0 1.0 0.0
1.0 1.0 0.0 0.0 0.0 0.0 1.0 1.0 1.0 0.0
1.0 0.0 0.0 0.0 0.0 0.0 1.0 1.0 1.0 0.0
1.0 1.0 0.0 0.0 0.0 1.0 0.0 1.0 1.0 0.0
1.0 0.0 0.0 0.0 1.0 1.0 1.0 1.0 0.0 0.0
0.0 0.0 0.0 0.0 1.0 1.0 1.0 1.0 0.0 1.0
0.0 0.0 0.0 1.0 1.0 1.0 1.0 0.0 1.0 0.0
0.0 0.0 0.0 1.0 1.0 1.0 0.0 1.0 0.0 1.0
1.0 0.0 0.0 0.0 1.0 0.0 1.0 0.0 1.0 1.0
0.0 0.0 0.0 1.0 0.0 1.0 0.0 1.0 1.0 0.0
0.0 0.0 0.0 0.0 1.0 0.0 1.0 1.0 1.0 1.0
1.0 1.0 0.0 0.0 0.0 0.0 0.0 1.0 1.0 0.0
1.0 0.0 0.0 0.0 0.0 1.0 1.0 1.0 1.0 0.0
1.0 0.0 0.0 0.0 1.0 1.0 1.0 1.0 1.0 0.0
1.0 1.0 1.0 1.0 1.0 1.0 0.0 0.0 0.0 0.0
1.0 0.0 0.0 1.0 0.0 1.0 0.0 0.0 1.0 0.0
0.0 0.0 0.0 0.0 1.0 1.0 0.0 1.0 0.0 1.0
0.0 0.0 0.0 1.0 1.0 1.0 1.0 0.0 0.0 1.0
0.0 0.0 0.0 1.0 1.0 1.0 0.0 0.0 1.0 1.0
0.0 1.0 1.0 1.0 1.0 0.0 0.0 1.0 1.0 0.0
0.0 1.0 0.0 1.0 0.0 1.0 1.0 1.0 0.0 0.0
1.0 0.0 1.0 0.0 1.0 1.0 1.0 0.0 0.0 0.0
0.0 1.0 0.0 1.0 1.0 1.0 0.0 0.0 0.0 1.0
1.0 0.0 1.0 1.0 1.0 0.0 0.0 0.0 1.0 0.0
0.0 1.0 0.0 0.0 0.0 0.0 1.0 1.0 1.0 0.0
1.0 1.0 1.0 0.0 0.0 0.0 1.0 0.0 1.0 0.0
0.0 1.0 1.0 0.0 1.0 0.0 0.0 1.0 1.0 0.0
1.0 0.0 1.0 0.0 1.0 0.0 0.0 1.0 0.0 1.0
1.0 1.0 0.0 1.0 0.0 0.0 1.0 1.0 0.0 0.0
1.0 1.0 0.0 1.0 1.0 0.0 1.0 0.0 0.0 0.0
1.0 0.0 1.0 1.0 0.0 0.0 0.0 0.0 1.0 0.0
0.0 1.0 0.0 0.0 0.0 1.0 0.0 1.0 1.0 0.0
0.0 1.0 0.0 0.0 0.0 1.0 0.0 1.0 0.0 1.0
0.0 0.0 0.0 1.0 1.0 1.0 0.0 1.0 1.0 0.0
1.0 1.0 1.0 1.0 0.0 0.0 0.0 0.0 0.0 0.0
0.0 0.0 0.0 1.0 0.0 1.0 1.0 1.0 0.0 0.0
0.0 0.0 0.0 0.0 1.0 0.0 1.0 0.0 1.0 1.0
0.0 1.0 0.0 0.0 1.0 1.0 1.0 1.0 1.0 0.0
0.0 0.0 1.0 0.0 1.0 0.0 1.0 0.0 1.0 1.0
0.0 0.0 1.0 0.0 0.0 1.0 1.0 1.0 0.0 0.0
0.0 1.0 0.0 0.0 1.0 1.0 1.0 0.0 1.0 0.0
1.0 0.0 1.0 1.0 0.0 0.0 0.0 0.0 0.0 1.0
1.0 1.0 1.0 0.0 1.0 1.0 0.0 0.0 0.0 0.0
1.0 0.0 0.0 0.0 1.0 1.0 1.0 0.0 0.0 1.0
0.0 0.0 1.0 1.0 1.0 0.0 0.0 0.0 0.0 1.0
0.0 1.0 0.0 1.0 0.0 1.0 0.0 0.0 0.0 1.0
1.0 1.0 0.0 1.0 0.0 0.0 0.0 1.0 0.0 0.0
1.0 0.0 0.0 0.0 0.0 0.0 1.0 0.0 1.0 1.0
0.0 0.0 1.0 0.0 0.0 0.0 0.0 1.0 1.0 1.0
0.0 1.0 1.0 1.0 1.0 0.0 0.0 0.0 1.0 0.0
1.0 1.0 0.0 1.0 0.0 1.0 1.0 0.0 0.0 0.0
1.0 0.0 1.0 0.0 0.0 0.0 1.0 1.0 1.0 0.0
0.0 1.0 1.0 0.0 0.0 1.0 1.0 1.0 0.0 0.0
1.0 0.0 1.0 0.0 0.0 1.0 1.0 1.0 0.0 0.0
0.0 1.0 1.0 0.0 1.0 0.0 1.0 0.0 0.0 1.0
1.0 0.0 0.0 0.0 1.0 0.0 1.0 1.0 0.0 1.0
0.0 0.0 0.0 1.0 0.0 1.0 1.0 0.0 1.0 0.0
0.0 0.0 0.0 0.0 1.0 1.0 0.0 1.0 1.0 1.0
0.0 0.0 0.0 1.0 1.0 1.0 1.0 1.0 1.0 0.0
0.0 1.0 1.0 1.0 0.0 0.0 1.0 1.0 0.0 0.0
0.0 1.0 1.0 0.0 0.0 1.0 1.0 0.0 1.0 0.0
1.0 1.0 0.0 0.0 1.0 0.0 1.0 0.0 0.0 1.0
1.0 0.0 0.0 1.0 0.0 1.0 0.0 0.0 0.0 1.0
0.0 0.0 0.0 0.0 1.0 1.0 0.0 0.0 1.0 1.0
0.0 1.0 0.0 1.0 0.0 0.0 1.0 1.0 1.0 0.0
1.0 1.0 0.0 1.0 1.0 0.0 1.0 1.0 0.0 0.0
0.0 0.0 1.0 0.0 1.0 1.0 1.0 1.0 0.0 0.0
0.0 0.0 1.0 1.0 0.0 1.0 1.0 0.0 1.0 0.0
1.0 1.0 0.0 1.0 1.0 0.0 0.0 0.0 1.0 0.0
1.0 0.0 1.0 0.0 0.0 0.0 0.0 1.0 1.0 0.0
1.0 1.0 0.0 1.0 1.0 1.0 1.0 0.0 0.0 0.0
1.0 1.0 1.0 1.0 0.0 1.0 0.0 0.0 0.0 0.0
1.0 1.0 0.0 0.0 0.0 1.0 1.0 0.0 0.0 0.0
0.0 1.0 0.0 1.0 1.0 0.0 0.0 0.0 1.0 1.0
1.0 1.0 0.0 0.0 1.0 0.0 1.0 1.0 0.0 0.0
1.0 1.0 0.0 0.0 1.0 1.0 1.0 1.0 0.0 0.0
1.0 1.0 0.0 1.0 0.0 0.0 0.0 0.0 0.0 1.0
1.0 0.0 1.0 0.0 0.0 0.0 0.0 0.0 1.0 1.0
0.0 1.0 1.0 0.0 0.0 1.0 0.0 1.0 1.0 0.0
0.0 1.0 1.0 0.0 0.0 1.0 1.0 0.0 0.0 0.0
0.0 0.0 0.0 0.0 0.0 1.0 0.0 1.0 1.0 1.0
0.0 0.0 1.0 1.0 0.0 0.0 0.0 1.0 1.0 0.0
0.0 0.0 0.0 1.0 0.0 1.0 1.0 1.0 1.0 0.0
1.0 0.0 1.0 1.0 0.0 1.0 0.0 0.0 0.0 0.0
0.0 1.0 1.0 0.0 1.0 0.0 0.0 0.0 0.0 1.0
0.0 0.0 1.0 1.0 1.0 1.0 0.0 0.0 0.0 1.0
0.0 1.0 1.0 1.0 1.0 0.0 0.0 0.0 0.0 1.0
0.0 1.0 1.0 0.0 1.0 0.0 0.0 1.0 0.0 1.0
1.0 0.0 1.0 0.0 0.0 1.0 0.0 1.0 0.0 0.0
1.0 1.0 1.0 0.0 0.0 0.0 0.0 1.0 0.0 0.0
1.0 1.0 1.0 1.0 0.0 0.0 0.0 1.0 0.0 0.0
1.0 1.0 0.0 0.0 0.0 0.0 1.0 0.0 1.0 0.0
1.0 0.0 1.0 0.0 0.0 0.0 0.0 1.0 0.0 1.0
1.0 0.0 1.0 0.0 0.0 1.0 1.0 0.0 0.0 0.0
0.0 1.0 1.0 0.0 1.0 1.0 0.0 0.0 1.0 0.0
1.0 0.0 0.0 1.0 0.0 1.0 1.0 1.0 0.0 0.0
0.0 0.0 1.0 0.0 1.0 0.0 1.0 0.0 0.0 1.0
0.0 1.0 1.0 1.0 0.0 1.0 0.0 0.0 0.0 0.0
0.0 0.0 0.0 0.0 1.0 1.0 1.0 1.0 1.0 0.0
0.0 0.0 0.0 1.0 0.0 1.0 0.0 1.0 0.0 1.0
0.0 0.0 1.0 1.0 0.0 1.0 0.0 1.0 0.0 0.0
1.0 1.0 0.0 0.0 0.0 1.0 0.0 0.0 1.0 0.0
1.0 0.0 0.0 0.0 1.0 0.0 0.0 1.0 1.0 1.0
0.0 0.0 0.0 0.0 1.0 0.0 1.0 0.0 0.0 0.0
1.0 0.0 1.0 0.0 1.0 0.0 1.0 0.0 1.0 0.0
0.0 0.0 1.0 1.0 1.0 0.0 1.0 1.0 1.0 0.0
1.0 0.0 0.0 1.0 1.0 1.0 1.0 0.0 0.0 0.0
0.0 0.0 0.0 1.0 1.0 1.0 0.0 0.0 0.0 1.0
0.0 0.0 1.0 1.0 1.0 0.0 0.0 0.0 1.0 1.0
1.0 0.0 0.0 0.0 0.0 1.0 1.0 0.0 0.0 1.0
0.0 0.0 1.0 0.0 1.0 1.0 0.0 0.0 1.0 1.0
1.0 0.0 1.0 1.0 1.0 0.0 1.0 0.0 0.0 0.0
1.0 1.0 0.0 0.0 0.0 1.0 1.0 1.0 0.0 0.0
0.0 0.0 0.0 1.0 1.0 0.0 0.0 0.0 1.0 1.0
0.0 0.0 1.0 1.0 0.0 0.0 0.0 1.0 0.0 1.0
0.0 0.0 1.0 0.0 1.0 0.0 0.0 1.0 1.0 1.0
1.0 1.0 0.0 1.0 0.0 0.0 1.0 0.0 0.0 0.0
0.0 1.0 0.0 0.0 1.0 0.0 0.0 0.0 1.0 1.0
0.0 1.0 0.0 0.0 0.0 0.0 1.0 1.0 0.0 1.0
0.0 0.0 1.0 0.0 1.0 1.0 0.0 1.0 0.0 1.0
1.0 0.0 0.0 1.0 0.0 1.0 1.0 0.0 0.0 0.0
1.0 0.0 1.0 1.0 0.0 1.0 0.0 1.0 0.0 0.0
1.0 0.0 0.0 0.0 1.0 0.0 0.0 0.0 1.0 1.0
1.0 0.0 0.0 1.0 1.0 1.0 0.0 0.0 0.0 1.0
0.0 1.0 1.0 0.0 1.0 0.0 1.0 0.0 1.0 0.0
0.0 0.0 0.0 1.0 1.0 0.0 0.0 1.0 0.0 1.0
0.0 1.0 1.0 1.0 0.0 0.0 0.0 0.0 1.0 0.0
1.0 1.0 0.0 0.0 0.0 1.0 1.0 0.0 1.0 0.0
1.0 0.0 0.0 0.0 1.0 0.0 0.0 1.0 0.0 1.0
1.0 1.0 0.0 0.0 1.0 0.0 0.0 1.0 1.0 0.0
0.0 0.0 0.0 1.0 1.0 0.0 0.0 0.0 0.0 0.0
0.0 1.0 0.0 0.0 1.0 0.0 0.0 1.0 1.0 1.0
0.0 0.0 0.0 1.0 1.0 0.0 1.0 1.0 0.0 1.0
0.0 1.0 0.0 0.0 1.0 0.0 0.0 1.0 0.0 1.0
0.0 1.0 1.0 1.0 0.0 0.0 0.0 1.0 0.0 0.0
0.0 1.0 0.0 0.0 1.0 1.0 1.0 1.0 0.0 0.0
0.0 1.0 0.0 0.0 0.0 1.0 1.0 1.0 0.0 0.0
0.0 1.0 0.0 1.0 0.0 1.0 0.0 0.0 1.0 0.0
0.0 0.0 0.0 0.0 1.0 1.0 1.0 0.0 1.0 1.0
1.0 0.0 0.0 1.0 1.0 1.0 0.0 0.0 1.0 0.0
1.0 1.0 0.0 0.0 0.0 0.0 0.0 0.0 0.0 0.0
1.0 0.0 1.0 0.0 0.0 1.0 0.0 0.0 1.0 0.0
1.0 0.0 0.0 1.0 1.0 0.0 1.0 0.0 0.0 1.0
0.0 0.0 0.0 0.0 0.0 0.0 1.0 0.0 0.0 0.0
0.0 0.0 1.0 0.0 0.0 1.0 0.0 0.0 1.0 1.0
0.0 1.0 1.0 0.0 1.0 0.0 0.0 0.0 1.0 1.0
1.0 0.0 0.0 1.0 0.0 0.0 1.0 1.0 0.0 0.0
0.0 0.0 0.0 1.0 0.0 0.0 1.0 0.0 1.0 1.0
0.0 1.0 1.0 0.0 0.0 0.0 1.0 0.0 1.0 0.0
0.0 1.0 0.0 0.0 0.0 1.0 1.0 0.0 0.0 1.0
1.0 0.0 0.0 0.0 1.0 1.0 0.0 0.0 1.0 1.0
0.0 1.0 0.0 1.0 0.0 0.0 0.0 1.0 1.0 0.0
0.0 0.0 0.0 0.0 1.0 0.0 1.0 1.0 0.0 1.0
1.0 0.0 0.0 1.0 1.0 0.0 0.0 1.0 0.0 1.0
0.0 0.0 1.0 1.0 0.0 1.0 1.0 0.0 0.0 0.0
1.0 1.0 0.0 0.0 1.0 1.0 0.0 0.0 0.0 1.0
1.0 0.0 1.0 0.0 1.0 1.0 0.0 0.0 0.0 1.0
1.0 0.0 1.0 1.0 0.0 0.0 0.0 1.0 0.0 0.0
1.0 0.0 0.0 0.0 0.0 0.0 0.0 1.0 0.0 0.0
0.0 0.0 1.0 0.0 0.0 1.0 1.0 0.0 1.0 0.0
0.0 1.0 1.0 0.0 0.0 0.0 1.0 1.0 0.0 0.0
0.0 1.0 0.0 1.0 1.0 0.0 1.0 0.0 0.0 1.0
0.0 0.0 1.0 0.0 1.0 0.0 0.0 0.0 0.0 0.0
0.0 1.0 0.0 0.0 0.0 1.0 0.0 0.0 0.0 0.0
1.0 0.0 1.0 0.0 1.0 0.0 0.0 0.0 0.0 1.0
1.0 0.0 1.0 0.0 0.0 0.0 1.0 0.0 1.0 0.0
1.0 0.0 1.0 0.0 0.0 0.0 0.0 0.0 0.0 0.0
0.0 1.0 0.0 0.0 0.0 0.0 1.0 0.0 1.0 1.0
0.0 0.0 0.0 0.0 0.0 0.0 1.0 1.0 1.0 1.0
0.0 0.0 0.0 1.0 1.0 0.0 0.0 1.0 1.0 1.0
0.0 1.0 1.0 0.0 0.0 0.0 0.0 1.0 0.0 1.0
0.0 0.0 1.0 0.0 0.0 0.0 0.0 0.0 1.0 0.0
1.0 0.0 0.0 1.0 0.0 0.0 1.0 0.0 1.0 0.0
1.0 0.0 0.0 0.0 0.0 0.0 0.0 0.0 1.0 0.0
0.0 0.0 1.0 0.0 1.0 0.0 0.0 0.0 1.0 1.0
0.0 0.0 0.0 0.0 0.0 1.0 1.0 1.0 0.0 1.0
1.0 1.0 0.0 1.0 1.0 1.0 0.0 0.0 0.0 0.0
0.0 1.0 0.0 0.0 0.0 0.0 1.0 0.0 0.0 0.0
1.0 0.0 0.0 0.0 0.0 0.0 0.0 0.0 0.0 0.0
0.0 0.0 0.0 0.0 0.0 0.0 0.0 0.0 0.0 0.0
0.0 0.0 0.0 0.0 0.0 1.0 0.0 0.0 0.0 0.0
0.0 0.0 1.0 0.0 0.0 0.0 0.0 0.0 0.0 0.0
0.0 1.0 1.0 0.0 0.0 0.0 0.0 0.0 0.0 0.0
1.0 1.0 0.0 0.0 0.0 1.0 0.0 0.0 0.0 1.0
1.0 0.0 0.0 0.0 1.0 0.0 0.0 0.0 0.0 0.0
0.0 0.0 0.0 1.0 0.0 0.0 0.0 0.0 0.0 0.0
0.0 0.0 0.0 0.0 0.0 0.0 0.0 0.0 1.0 0.0
0.0 0.0 0.0 0.0 0.0 0.0 0.0 1.0 0.0 0.0
0.0 0.0 0.0 0.0 1.0 0.0 0.0 0.0 0.0 0.0
0.0 0.0 1.0 1.0 0.0 0.0 0.0 0.0 1.0 1.0
1.0 1.0 0.0 0.0 0.0 0.0 1.0 0.0 0.0 1.0
0.0 1.0 0.0 0.0 0.0 0.0 0.0 0.0 0.0 0.0
1.0 0.0 0.0 1.0 0.0 0.0 1.0 0.0 0.0 1.0
0.0 0.0 0.0 0.0 0.0 1.0 0.0 0.0 1.0 0.0
0.0 0.0 0.0 0.0 0.0 0.0 1.0 0.0 1.0 0.0
0.0 0.0 1.0 0.0 0.0 0.0 0.0 1.0 0.0 0.0
0.0 0.0 1.0 0.0 0.0 0.0 1.0 0.0 0.0 0.0
0.0 1.0 0.0 0.0 0.0 0.0 0.0 0.0 1.0 0.0
0.0 0.0 0.0 0.0 0.0 0.0 1.0 1.0 0.0 0.0
1.0 0.0 0.0 0.0 0.0 1.0 0.0 1.0 0.0 1.0
1.0 0.0 0.0 1.0 1.0 0.0 0.0 0.0 0.0 1.0
0.0 0.0 0.0 1.0 0.0 1.0 0.0 0.0 1.0 1.0
1.0 0.0 0.0 0.0 0.0 0.0 1.0 0.0 0.0 0.0
0.0 0.0 0.0 1.0 0.0 0.0 1.0 0.0 0.0 0.0
0.0 1.0 0.0 1.0 0.0 0.0 0.0 0.0 0.0 0.0
0.0 1.0 0.0 0.0 1.0 0.0 0.0 0.0 0.0 0.0
1.0 1.0 0.0 0.0 1.0 0.0 0.0 0.0 0.0 1.0
0.0 0.0 0.0 0.0 0.0 0.0 0.0 1.0 1.0 0.0
0.0 0.0 0.0 0.0 1.0 0.0 0.0 0.0 1.0 0.0
0.0 0.0 0.0 1.0 0.0 1.0 0.0 0.0 0.0 0.0
0.0 0.0 1.0 1.0 0.0 0.0 0.0 0.0 0.0 0.0
0.0 0.0 0.0 0.0 0.0 1.0 1.0 0.0 0.0 0.0
0.0 0.0 0.0 1.0 0.0 0.0 0.0 0.0 1.0 0.0
0.0 0.0 0.0 0.0 1.0 1.0 0.0 0.0 0.0 0.0
1.0 0.0 0.0 0.0 1.0 0.0 1.0 0.0 0.0 1.0
0.0 0.0 1.0 1.0 0.0 0.0 1.0 0.0 0.0 1.0
1.0 0.0 0.0 0.0 0.0 1.0 0.0 0.0 0.0 0.0
0.0 0.0 1.0 0.0 1.0 1.0 0.0 0.0 0.0 1.0
0.0 1.0 0.0 0.0 0.0 0.0 0.0 1.0 1.0 1.0
1.0 0.0 0.0 0.0 0.0 0.0 1.0 1.0 0.0 1.0
0.0 0.0 0.0 1.0 0.0 0.0 0.0 1.0 0.0 0.0
0.0 1.0 0.0 1.0 0.0 0.0 0.0 1.0 0.0 1.0
1.0 1.0 1.0 0.0 0.0 0.0 1.0 0.0 0.0 0.0
0.0 0.0 0.0 0.0 0.0 1.0 1.0 0.0 1.0 1.0
0.0 0.0 0.0 0.0 1.0 0.0 0.0 1.0 0.0 0.0
0.0 0.0 0.0 1.0 0.0 1.0 1.0 0.0 0.0 1.0
1.0 1.0 0.0 0.0 0.0 0.0 0.0 0.0 1.0 1.0
1.0 1.0 1.0 0.0 0.0 0.0 0.0 0.0 0.0 1.0
1.0 0.0 0.0 0.0 0.0 1.0 0.0 0.0 1.0 1.0
0.0 1.0 1.0 0.0 0.0 1.0 0.0 0.0 1.0 0.0
0.0 0.0 0.0 1.0 0.0 0.0 0.0 1.0 1.0 1.0
0.0 1.0 0.0 0.0 0.0 1.0 0.0 0.0 1.0 1.0
0.0 0.0 1.0 0.0 0.0 1.0 0.0 1.0 1.0 0.0
0.0 1.0 0.0 0.0 1.0 1.0 0.0 1.0 0.0 1.0
0.0 0.0 0.0 0.0 0.0 1.0 0.0 1.0 0.0 0.0
1.0 0.0 0.0 0.0 1.0 1.0 0.0 0.0 0.0 1.0
0.0 0.0 0.0 0.0 0.0 1.0 1.0 1.0 1.0 0.0
1.0 0.0 1.0 0.0 0.0 0.0 1.0 0.0 0.0 1.0
0.0 0.0 1.0 1.0 0.0 1.0 0.0 0.0 0.0 1.0
0.0 1.0 1.0 0.0 0.0 0.0 0.0 0.0 1.0 1.0
1.0 1.0 1.0 0.0 0.0 0.0 0.0 0.0 1.0 0.0
1.0 0.0 0.0 1.0 1.0 0.0 0.0 0.0 1.0 1.0
1.0 1.0 0.0 0.0 0.0 1.0 0.0 1.0 0.0 0.0