# 252 of 1
# 260 of 0
1.0 0.0 1.0 1.0 0.0 1.0 1.0 1.0 1.0 0.0
0.0 1.0 0.0 0.0 1.0 1.0 1.0 1.0 1.0 0.0
1.0 0.0 0.0 1.0 1.0 1.0 1.0 1.0 0.0 0.0
0.0 0.0 1.0 1.0 1.0 1.0 1.0 0.0 0.0 1.0
0.0 1.0 1.0 1.0 1.0 1.0 0.0 0.0 1.0 0.0
1.0 1.0 1.0 1.0 1.0 1.0 0.0 1.0 0.0 0.0
1.0 1.0 1.0 1.0 1.0 1.0 1.0 0.0 1.0 0.0
1.0 1.0 0.0 1.0 1.0 1.0 0.0 1.0 1.0 0.0
0.0 0.0 1.0 1.0 1.0 1.0 1.0 0.0 1.0 0.0
0.0 1.0 0.0 1.0 1.0 0.0 0.0 1.0 1.0 1.0
1.0 0.0 0.0 1.0 0.0 0.0 1.0 1.0 1.0 0.0
0.0 0.0 1.0 0.0 0.0 1.0 1.0 1.0 1.0 0.0
1.0 0.0 1.0 1.0 1.0 0.0 1.0 1.0 0.0 0.0
0.0 1.0 1.0 1.0 0.0 1.0 1.0 0.0 1.0 0.0
1.0 1.0 1.0 0.0 1.0 1.0 0.0 1.0 1.0 0.0
1.0 1.0 1.0 1.0 1.0 1.0 1.0 1.0 1.0 0.0
1.0 1.0 1.0 1.0 1.0 1.0 1.0 1.0 0.0 0.0
1.0 1.0 1.0 1.0 1.0 0.0 0.0 1.0 0.0 0.0
1.0 1.0 0.0 1.0 0.0 0.0 1.0 0.0 0.0 1.0
1.0 0.0 0.0 0.0 0.0 1.0 0.0 0.0 0.0 0.0
0.0 0.0 1.0 0.0 1.0 1.0 0.0 0.0 1.0 1.0
1.0 0.0 1.0 1.0 1.0 1.0 0.0 0.0 0.0 1.0
1.0 1.0 1.0 1.0 0.0 0.0 1.0 0.0 0.0 0.0
1.0 1.0 1.0 0.0 0.0 1.0 0.0 0.0 0.0 1.0
1.0 1.0 1.0 0.0 1.0 0.0 0.0 0.0 1.0 1.0
1.0 1.0 1.0 1.0 0.0 1.0 0.0 1.0 1.0 0.0
1.0 1.0 1.0 0.0 1.0 1.0 1.0 1.0 1.0 0.0
1.0 1.0 1.0 1.0 1.0 0.0 1.0 1.0 0.0 0.0
1.0 1.0 1.0 1.0 0.0 1.0 1.0 0.0 0.0 0.0
1.0 1.0 0.0 0.0 1.0 1.0 0.0 0.0 1.0 1.0
1.0 0.0 0.0 1.0 1.0 1.0 0.0 1.0 1.0 0.0
0.0 0.0 1.0 1.0 1.0 1.0 1.0 1.0 1.0 0.0
0.0 1.0 1.0 1.0 1.0 1.0 1.0 1.0 1.0 0.0
1.0 1.0 0.0 1.0 1.0 0.0 1.0 1.0 1.0 0.0
1.0 0.0 1.0 1.0 0.0 1.0 1.0 1.0 0.0 0.0
0.0 1.0 1.0 0.0 1.0 1.0 1.0 0.0 0.0 1.0
1.0 1.0 1.0 1.0 1.0 1.0 0.0 0.0 1.0 0.0
1.0 1.0 1.0 1.0 1.0 0.0 0.0 1.0 1.0 0.0
1.0 1.0 1.0 1.0 0.0 1.0 1.0 1.0 1.0 0.0
1.0 1.0 0.0 0.0 1.0 0.0 1.0 1.0 0.0 1.0
1.0 0.0 0.0 1.0 0.0 0.0 1.0 0.0 1.0 1.0
0.0 0.0 1.0 0.0 0.0 0.0 0.0 1.0 1.0 1.0
0.0 1.0 1.0 0.0 0.0 1.0 1.0 1.0 0.0 0.0
1.0 1.0 0.0 0.0 1.0 1.0 1.0 0.0 0.0 1.0
1.0 1.0 1.0 0.0 0.0 0.0 1.0 1.0 1.0 0.0
1.0 1.0 1.0 0.0 0.0 1.0 1.0 1.0 1.0 0.0
0.0 0.0 1.0 0.0 0.0 0.0 0.0 1.0 0.0 0.0
0.0 1.0 0.0 0.0 0.0 1.0 1.0 0.0 1.0 1.0
1.0 0.0 1.0 0.0 1.0 1.0 0.0 1.0 1.0 0.0
1.0 1.0 0.0 1.0 1.0 0.0 1.0 1.0 0.0 0.0
1.0 0.0 1.0 1.0 0.0 0.0 1.0 0.0 0.0 1.0
0.0 1.0 1.0 0.0 0.0 1.0 0.0 0.0 1.0 1.0
1.0 1.0 1.0 1.0 1.0 1.0 1.0 0.0 0.0 0.0
1.0 1.0 0.0 1.0 1.0 1.0 0.0 0.0 0.0 1.0
1.0 0.0 1.0 1.0 1.0 0.0 0.0 0.0 1.0 1.0
0.0 1.0 1.0 1.0 0.0 0.0 0.0 1.0 0.0 1.0
1.0 1.0 1.0 0.0 0.0 1.0 1.0 0.0 1.0 0.0
1.0 1.0 0.0 0.0 1.0 1.0 0.0 1.0 1.0 0.0
1.0 0.0 1.0 1.0 1.0 1.0 1.0 1.0 0.0 0.0
0.0 1.0 0.0 1.0 1.0 0.0 1.0 0.0 0.0 1.0
1.0 0.0 0.0 1.0 0.0 1.0 0.0 0.0 1.0 1.0
0.0 0.0 0.0 0.0 1.0 1.0 0.0 1.0 1.0 1.0
0.0 0.0 1.0 1.0 1.0 0.0 1.0 1.0 1.0 0.0
0.0 1.0 1.0 1.0 0.0 0.0 1.0 1.0 1.0 0.0
0.0 0.0 0.0 1.0 1.0 1.0 1.0 0.0 1.0 1.0
0.0 0.0 1.0 1.0 1.0 1.0 0.0 1.0 1.0 0.0
0.0 1.0 0.0 1.0 1.0 0.0 1.0 1.0 0.0 1.0
1.0 0.0 0.0 1.0 0.0 1.0 1.0 0.0 1.0 0.0
0.0 0.0 0.0 0.0 1.0 0.0 0.0 1.0 1.0 0.0
0.0 0.0 1.0 1.0 0.0 1.0 1.0 1.0 1.0 0.0
0.0 1.0 1.0 0.0 1.0 1.0 1.0 1.0 1.0 0.0
1.0 0.0 0.0 1.0 0.0 0.0 1.0 0.0 0.0 1.0
0.0 0.0 1.0 0.0 0.0 1.0 0.0 0.0 0.0 0.0
0.0 1.0 1.0 0.0 1.0 1.0 0.0 0.0 0.0 1.0
1.0 1.0 1.0 1.0 1.0 0.0 0.0 0.0 1.0 0.0
1.0 1.0 1.0 1.0 0.0 0.0 0.0 1.0 0.0 0.0
1.0 1.0 1.0 0.0 0.0 0.0 1.0 0.0 1.0 0.0
1.0 1.0 0.0 0.0 0.0 1.0 0.0 1.0 0.0 1.0
1.0 0.0 0.0 0.0 1.0 0.0 1.0 0.0 1.0 1.0
0.0 0.0 1.0 1.0 0.0 1.0 0.0 1.0 0.0 1.0
1.0 1.0 0.0 1.0 0.0 0.0 0.0 1.0 0.0 1.0
1.0 0.0 1.0 0.0 0.0 1.0 1.0 0.0 0.0 1.0
0.0 1.0 1.0 0.0 1.0 1.0 0.0 0.0 1.0 1.0
1.0 1.0 1.0 0.0 1.0 1.0 1.0 1.0 0.0 0.0
1.0 1.0 0.0 1.0 1.0 0.0 1.0 0.0 0.0 1.0
1.0 0.0 1.0 1.0 0.0 1.0 0.0 0.0 1.0 0.0
0.0 1.0 0.0 0.0 1.0 1.0 0.0 1.0 1.0 1.0
1.0 0.0 1.0 1.0 1.0 1.0 1.0 1.0 1.0 0.0
0.0 0.0 1.0 0.0 0.0 0.0 1.0 1.0 1.0 1.0
0.0 1.0 1.0 0.0 0.0 0.0 1.0 1.0 1.0 0.0
1.0 1.0 0.0 0.0 0.0 1.0 1.0 1.0 0.0 0.0
0.0 0.0 0.0 1.0 0.0 1.0 0.0 1.0 1.0 1.0
0.0 0.0 1.0 0.0 1.0 0.0 1.0 1.0 1.0 1.0
0.0 1.0 0.0 1.0 0.0 1.0 1.0 1.0 1.0 0.0
1.0 0.0 1.0 0.0 1.0 0.0 1.0 1.0 1.0 0.0
0.0 0.0 1.0 1.0 0.0 0.0 0.0 1.0 0.0 1.0
0.0 1.0 1.0 0.0 0.0 1.0 1.0 0.0 1.0 0.0
1.0 1.0 1.0 1.0 1.0 0.0 1.0 1.0 1.0 0.0
1.0 0.0 1.0 1.0 1.0 1.0 0.0 1.0 0.0 0.0
0.0 1.0 1.0 1.0 1.0 0.0 1.0 0.0 1.0 0.0
1.0 1.0 0.0 1.0 0.0 0.0 0.0 1.0 1.0 0.0
1.0 0.0 1.0 0.0 0.0 1.0 1.0 1.0 1.0 0.0
0.0 1.0 1.0 0.0 1.0 1.0 1.0 1.0 0.0 0.0
1.0 1.0 1.0 1.0 1.0 1.0 0.0 1.0 1.0 0.0
1.0 1.0 0.0 1.0 1.0 1.0 1.0 1.0 1.0 0.0
0.0 0.0 0.0 1.0 1.0 1.0 1.0 0.0 0.0 1.0
0.0 0.0 0.0 1.0 1.0 1.0 0.0 0.0 0.0 0.0
0.0 0.0 1.0 1.0 1.0 0.0 0.0 0.0 0.0 0.0
0.0 1.0 0.0 1.0 0.0 1.0 0.0 0.0 1.0 1.0
0.0 1.0 0.0 1.0 1.0 1.0 1.0 1.0 1.0 0.0
0.0 1.0 0.0 1.0 1.0 1.0 1.0 0.0 0.0 1.0
1.0 0.0 0.0 1.0 1.0 1.0 0.0 0.0 1.0 1.0
0.0 0.0 1.0 1.0 1.0 0.0 0.0 1.0 1.0 1.0
0.0 1.0 0.0 1.0 0.0 1.0 1.0 1.0 0.0 0.0
0.0 0.0 1.0 1.0 0.0 1.0 0.0 1.0 1.0 0.0
1.0 1.0 0.0 1.0 1.0 1.0 1.0 0.0 1.0 0.0
1.0 1.0 1.0 0.0 1.0 0.0 1.0 1.0 1.0 0.0
1.0 1.0 0.0 1.0 0.0 1.0 1.0 1.0 1.0 0.0
1.0 0.0 0.0 0.0 1.0 1.0 1.0 1.0 0.0 1.0
0.0 1.0 1.0 1.0 1.0 0.0 0.0 1.0 1.0 0.0
1.0 1.0 1.0 1.0 0.0 1.0 1.0 1.0 0.0 0.0
1.0 1.0 1.0 0.0 1.0 1.0 1.0 0.0 1.0 0.0
1.0 1.0 1.0 1.0 0.0 0.0 1.0 1.0 0.0 0.0
1.0 1.0 0.0 0.0 0.0 0.0 0.0 1.0 1.0 1.0
1.0 1.0 1.0 1.0 0.0 0.0 1.0 0.0 1.0 0.0
1.0 1.0 1.0 0.0 0.0 1.0 0.0 1.0 0.0 0.0
0.0 1.0 0.0 1.0 0.0 1.0 0.0 1.0 1.0 0.0
1.0 0.0 1.0 0.0 1.0 1.0 1.0 1.0 1.0 0.0
0.0 1.0 1.0 1.0 1.0 0.0 1.0 1.0 1.0 0.0
0.0 1.0 0.0 1.0 1.0 1.0 0.0 0.0 1.0 1.0
1.0 0.0 1.0 1.0 1.0 1.0 0.0 1.0 1.0 0.0
1.0 1.0 0.0 0.0 1.0 1.0 1.0 0.0 1.0 0.0
1.0 0.0 1.0 1.0 1.0 0.0 0.0 1.0 1.0 0.0
0.0 1.0 1.0 1.0 0.0 1.0 1.0 1.0 1.0 0.0
1.0 0.0 0.0 1.0 1.0 0.0 0.0 1.0 0.0 1.0
0.0 0.0 0.0 1.0 0.0 1.0 1.0 0.0 1.0 1.0
0.0 0.0 0.0 0.0 1.0 1.0 0.0 1.0 0.0 0.0
0.0 1.0 1.0 1.0 1.0 1.0 0.0 1.0 0.0 0.0
1.0 1.0 0.0 1.0 1.0 0.0 0.0 1.0 0.0 1.0
0.0 0.0 1.0 0.0 1.0 0.0 0.0 1.0 1.0 1.0
1.0 1.0 0.0 0.0 0.0 1.0 1.0 1.0 1.0 0.0
0.0 1.0 1.0 1.0 1.0 1.0 1.0 1.0 0.0 0.0
1.0 1.0 0.0 1.0 1.0 1.0 1.0 0.0 0.0 0.0
1.0 1.0 1.0 0.0 1.0 1.0 0.0 1.0 0.0 0.0
1.0 1.0 0.0 0.0 1.0 1.0 1.0 1.0 1.0 0.0
0.0 1.0 1.0 1.0 1.0 1.0 1.0 0.0 1.0 0.0
1.0 1.0 1.0 1.0 0.0 1.0 1.0 0.0 1.0 0.0
1.0 1.0 0.0 0.0 1.0 0.0 0.0 1.0 1.0 1.0
0.0 1.0 1.0 0.0 1.0 0.0 1.0 0.0 1.0 1.0
1.0 1.0 0.0 0.0 1.0 0.0 1.0 0.0 0.0 1.0
1.0 1.0 1.0 1.0 0.0 0.0 1.0 1.0 1.0 0.0
1.0 1.0 1.0 0.0 0.0 0.0 1.0 1.0 0.0 0.0
0.0 1.0 1.0 0.0 1.0 0.0 1.0 1.0 1.0 0.0
1.0 1.0 0.0 0.0 1.0 0.0 1.0 0.0 1.0 1.0
1.0 0.0 1.0 1.0 0.0 1.0 0.0 1.0 1.0 0.0
0.0 1.0 0.0 0.0 1.0 1.0 1.0 1.0 0.0 1.0
1.0 0.0 1.0 1.0 1.0 0.0 1.0 0.0 0.0 1.0
0.0 1.0 0.0 1.0 0.0 1.0 0.0 0.0 0.0 1.0
1.0 0.0 1.0 0.0 1.0 1.0 0.0 0.0 1.0 1.0
0.0 1.0 0.0 1.0 1.0 1.0 0.0 1.0 0.0 1.0
0.0 1.0 0.0 1.0 0.0 0.0 0.0 0.0 0.0 0.0
1.0 0.0 1.0 0.0 0.0 1.0 0.0 0.0 1.0 1.0
0.0 1.0 1.0 0.0 1.0 1.0 0.0 1.0 0.0 1.0
1.0 1.0 1.0 1.0 1.0 0.0 1.0 0.0 1.0 0.0
1.0 1.0 1.0 1.0 0.0 0.0 0.0 1.0 1.0 0.0
1.0 1.0 1.0 0.0 0.0 1.0 1.0 1.0 0.0 0.0
0.0 0.0 0.0 1.0 1.0 0.0 1.0 1.0 1.0 1.0
1.0 0.0 1.0 1.0 1.0 1.0 1.0 0.0 1.0 0.0
0.0 1.0 0.0 1.0 1.0 1.0 0.0 1.0 1.0 0.0
0.0 1.0 0.0 1.0 0.0 1.0 0.0 1.0 0.0 1.0
1.0 0.0 1.0 0.0 1.0 1.0 1.0 0.0 1.0 0.0
0.0 1.0 1.0 1.0 1.0 0.0 0.0 1.0 0.0 1.0
1.0 1.0 0.0 1.0 0.0 0.0 1.0 0.0 1.0 0.0
1.0 0.0 1.0 0.0 0.0 0.0 0.0 1.0 1.0 1.0
0.0 1.0 1.0 0.0 0.0 1.0 1.0 1.0 1.0 0.0
1.0 1.0 0.0 1.0 0.0 0.0 1.0 1.0 1.0 0.0
1.0 0.0 0.0 0.0 0.0 0.0 1.0 1.0 1.0 1.0
1.0 0.0 0.0 0.0 1.0 1.0 1.0 1.0 1.0 0.0
1.0 1.0 0.0 1.0 1.0 1.0 1.0 1.0 0.0 0.0
1.0 1.0 1.0 0.0 1.0 0.0 1.0 1.0 0.0 0.0
1.0 1.0 0.0 0.0 0.0 1.0 0.0 1.0 1.0 0.0
1.0 0.0 1.0 0.0 1.0 0.0 1.0 1.0 0.0 1.0
1.0 1.0 0.0 0.0 1.0 0.0 0.0 1.0 0.0 1.0
0.0 1.0 0.0 1.0 1.0 1.0 0.0 0.0 0.0 1.0
0.0 0.0 0.0 1.0 1.0 1.0 0.0 1.0 0.0 1.0
0.0 1.0 1.0 1.0 1.0 1.0 0.0 1.0 1.0 0.0
0.0 1.0 1.0 1.0 1.0 1.0 1.0 0.0 0.0 0.0
1.0 1.0 1.0 1.0 1.0 0.0 0.0 0.0 0.0 1.0
1.0 1.0 0.0 1.0 0.0 1.0 0.0 0.0 1.0 0.0
0.0 1.0 0.0 1.0 1.0 0.0 1.0 1.0 1.0 0.0
1.0 0.0 0.0 1.0 0.0 1.0 1.0 1.0 0.0 0.0
0.0 0.0 1.0 0.0 1.0 1.0 1.0 0.0 1.0 1.0
0.0 1.0 0.0 0.0 1.0 0.0 1.0 1.0 1.0 1.0
1.0 1.0 1.0 0.0 1.0 0.0 1.0 0.0 1.0 0.0
1.0 1.0 0.0 0.0 0.0 0.0 1.0 0.0 0.0 1.0
0.0 1.0 1.0 0.0 1.0 1.0 0.0 1.0 1.0 0.0
0.0 1.0 1.0 1.0 0.0 1.0 0.0 0.0 1.0 0.0
1.0 1.0 0.0 0.0 1.0 1.0 0.0 1.0 0.0 1.0
1.0 0.0 1.0 1.0 1.0 1.0 1.0 0.0 0.0 0.0
1.0 0.0 1.0 1.0 1.0 1.0 0.0 0.0 1.0 0.0
1.0 0.0 0.0 1.0 1.0 0.0 1.0 0.0 1.0 1.0
1.0 0.0 1.0 0.0 1.0 1.0 1.0 1.0 0.0 0.0
0.0 1.0 0.0 1.0 1.0 0.0 1.0 0.0 1.0 1.0
1.0 1.0 0.0 1.0 1.0 1.0 0.0 1.0 0.0 0.0
0.0 1.0 1.0 1.0 1.0 1.0 0.0 0.0 0.0 1.0
1.0 0.0 0.0 0.0 1.0 0.0 1.0 1.0 1.0 1.0
0.0 0.0 0.0 1.0 0.0 0.0 1.0 1.0 0.0 1.0
0.0 0.0 1.0 0.0 0.0 1.0 1.0 0.0 0.0 1.0
0.0 1.0 1.0 0.0 1.0 0.0 1.0 1.0 0.0 1.0
1.0 1.0 1.0 0.0 0.0 0.0 0.0 1.0 1.0 0.0
0.0 1.0 0.0 1.0 1.0 1.0 1.0 1.0 0.0 0.0
1.0 1.0 0.0 1.0 0.0 1.0 1.0 0.0 1.0 0.0
0.0 1.0 1.0 1.0 1.0 0.0 1.0 1.0 0.0 0.0
1.0 1.0 1.0 0.0 1.0 0.0 0.0 0.0 0.0 1.0
1.0 1.0 1.0 1.0 0.0 0.0 0.0 0.0 1.0 0.0
0.0 0.0 1.0 1.0 1.0 1.0 1.0 1.0 0.0 0.0
0.0 1.0 0.0 1.0 1.0 1.0 1.0 0.0 1.0 0.0
1.0 0.0 0.0 1.0 1.0 0.0 0.0 1.0 1.0 1.0
0.0 0.0 1.0 1.0 0.0 0.0 1.0 1.0 1.0 0.0
1.0 0.0 0.0 1.0 1.0 1.0 1.0 1.0 1.0 0.0
1.0 0.0 0.0 1.0 0.0 1.0 0.0 1.0 1.0 0.0
0.0 0.0 0.0 0.0 1.0 1.0 1.0 1.0 1.0 1.0
1.0 1.0 1.0 1.0 1.0 0.0 1.0 0.0 0.0 0.0
1.0 1.0 1.0 1.0 0.0 1.0 0.0 0.0 1.0 0.0
1.0 0.0 1.0 1.0 0.0 1.0 1.0 0.0 1.0 0.0
1.0 0.0 1.0 1.0 0.0 0.0 1.0 1.0 0.0 0.0
0.0 1.0 0.0 0.0 0.0 0.0 1.0 0.0 1.0 1.0
1.0 0.0 0.0 0.0 0.0 1.0 0.0 1.0 1.0 1.0
1.0 0.0 0.0 1.0 1.0 1.0 0.0 1.0 0.0 1.0
1.0 0.0 1.0 0.0 0.0 1.0 1.0 1.0 0.0 0.0
0.0 1.0 0.0 0.0 1.0 0.0 1.0 0.0 1.0 1.0
1.0 0.0 0.0 1.0 1.0 0.0 1.0 0.0 0.0 1.0
0.0 0.0 0.0 1.0 0.0 1.0 0.0 0.0 1.0 1.0
0.0 0.0 1.0 0.0 1.0 1.0 0.0 1.0 0.0 1.0
1.0 1.0 1.0 0.0 1.0 0.0 0.0 1.0 1.0 0.0
0.0 1.0 1.0 0.0 1.0 0.0 0.0 1.0 0.0 1.0
0.0 1.0 1.0 0.0 1.0 0.0 0.0 1.0 1.0 1.0
0.0 1.0 0.0 0.0 1.0 1.0 1.0 0.0 0.0 1.0
1.0 1.0 1.0 0.0 1.0 1.0 1.0 0.0 0.0 0.0
1.0 0.0 1.0 1.0 1.0 0.0 1.0 1.0 1.0 0.0
1.0 0.0 0.0 0.0 1.0 1.0 1.0 0.0 1.0 1.0
0.0 0.0 1.0 1.0 1.0 1.0 0.0 1.0 0.0 1.0
1.0 0.0 0.0 1.0 0.0 0.0 1.0 1.0 0.0 1.0
0.0 0.0 1.0 0.0 0.0 1.0 1.0 0.0 1.0 1.0
0.0 1.0 0.0 0.0 1.0 0.0 0.0 1.0 0.0 0.0
0.0 0.0 1.0 1.0 1.0 0.0 1.0 1.0 0.0 1.0
0.0 1.0 1.0 1.0 0.0 0.0 1.0 0.0 0.0 1.0
1.0 1.0 1.0 0.0 1.0 1.0 0.0 0.0 0.0 1.0
1.0 1.0 0.0 1.0 1.0 1.0 0.0 0.0 1.0 0.0
1.0 0.0 1.0 1.0 1.0 0.0 0.0 1.0 0.0 1.0
1.0 1.0 1.0 0.0 1.0 1.0 0.0 0.0 1.0 0.0
1.0 0.0 0.0 1.0 1.0 0.0 0.0 0.0 1.0 1.0
1.0 1.0 0.0 0.0 1.0 0.0 1.0 1.0 1.0 0.0
0.0 0.0 1.0 0.0 0.0 0.0 1.0 0.0 0.0 0.0
0.0 1.0 1.0 0.0 0.0 1.0 0.0 0.0 0.0 1.0
1.0 1.0 1.0 0.0 1.0 0.0 0.0 1.0 0.0 1.0
1.0 1.0 0.0 0.0 0.0 1.0 0.0 0.0 1.0 1.0
1.0 0.0 1.0 0.0 1.0 0.0 0.0 1.0 0.0 1.0
0.0 1.0 0.0 1.0 0.0 1.0 1.0 0.0 0.0 1.0
1.0 0.0 1.0 0.0 1.0 1.0 0.0 0.0 0.0 1.0
1.0 0.0 0.0 1.0 1.0 1.0 0.0 0.0 0.0 1.0
0.0 0.0 0.0 1.0 1.0 1.0 0.0 0.0 1.0 1.0
0.0 0.0 0.0 1.0 1.0 1.0 0.0 1.0 1.0 1.0
1.0 0.0 0.0 1.0 1.0 0.0 1.0 1.0 1.0 0.0
0.0 0.0 1.0 0.0 0.0 0.0 1.0 0.0 1.0 1.0
0.0 1.0 1.0 0.0 0.0 1.0 0.0 1.0 1.0 0.0
1.0 0.0 0.0 1.0 1.0 0.0 1.0 1.0 0.0 1.0
0.0 0.0 1.0 1.0 0.0 1.0 1.0 0.0 1.0 0.0
0.0 1.0 0.0 0.0 1.0 0.0 0.0 1.0 1.0 1.0
0.0 1.0 1.0 0.0 0.0 0.0 0.0 0.0 1.0 1.0
0.0 0.0 1.0 0.0 1.0 0.0 0.0 0.0 1.0 0.0
0.0 1.0 1.0 1.0 0.0 0.0 0.0 1.0 1.0 0.0
0.0 0.0 1.0 0.0 1.0 1.0 1.0 1.0 0.0 1.0
0.0 1.0 0.0 0.0 1.0 1.0 1.0 0.0 1.0 1.0
0.0 1.0 0.0 0.0 1.0 0.0 1.0 1.0 0.0 1.0
0.0 0.0 0.0 0.0 0.0 1.0 0.0 0.0 0.0 0.0
1.0 0.0 0.0 0.0 1.0 1.0 0.0 1.0 0.0 1.0
1.0 1.0 1.0 0.0 1.0 0.0 1.0 0.0 0.0 1.0
1.0 0.0 1.0 0.0 1.0 1.0 0.0 1.0 0.0 1.0
0.0 1.0 1.0 1.0 1.0 0.0 1.0 0.0 0.0 1.0
1.0 0.0 0.0 1.0 0.0 0.0 0.0 0.0 1.0 1.0
0.0 1.0 0.0 1.0 0.0 0.0 1.0 1.0 1.0 0.0
0.0 1.0 1.0 0.0 1.0 1.0 1.0 0.0 1.0 0.0
1.0 1.0 0.0 1.0 0.0 0.0 0.0 0.0 1.0 1.0
0.0 0.0 0.0 0.0 1.0 0.0 1.0 1.0 0.0 0.0
0.0 0.0 1.0 1.0 0.0 0.0 1.0 1.0 0.0 1.0
0.0 1.0 0.0 0.0 0.0 0.0 1.0 0.0 0.0 0.0
0.0 0.0 0.0 0.0 1.0 0.0 0.0 0.0 1.0 0.0
0.0 0.0 0.0 1.0 0.0 0.0 0.0 1.0 1.0 1.0
0.0 0.0 0.0 0.0 0.0 0.0 1.0 1.0 0.0 0.0
0.0 0.0 0.0 0.0 0.0 0.0 1.0 0.0 0.0 0.0
0.0 0.0 0.0 0.0 0.0 0.0 0.0 0.0 0.0 0.0
0.0 0.0 1.0 0.0 0.0 1.0 0.0 0.0 1.0 1.0
1.0 1.0 1.0 0.0 0.0 0.0 0.0 0.0 0.0 1.0
1.0 1.0 0.0 0.0 0.0 0.0 0.0 0.0 0.0 0.0
1.0 0.0 0.0 0.0 0.0 0.0 0.0 0.0 0.0 0.0
0.0 0.0 0.0 0.0 0.0 0.0 0.0 0.0 1.0 0.0
0.0 0.0 0.0 0.0 0.0 0.0 0.0 1.0 0.0 0.0
0.0 0.0 0.0 0.0 0.0 1.0 0.0 1.0 1.0 1.0
0.0 1.0 1.0 1.0 0.0 1.0 1.0 1.0 0.0 0.0
1.0 0.0 0.0 1.0 1.0 0.0 0.0 0.0 0.0 0.0
0.0 0.0 0.0 1.0 0.0 0.0 0.0 0.0 1.0 0.0
0.0 1.0 0.0 0.0 0.0 1.0 1.0 1.0 0.0 1.0
0.0 0.0 0.0 1.0 1.0 0.0 0.0 1.0 0.0 0.0
0.0 0.0 0.0 1.0 0.0 0.0 1.0 0.0 0.0 0.0
0.0 0.0 1.0 0.0 0.0 1.0 0.0 1.0 1.0 1.0
0.0 0.0 0.0 0.0 0.0 0.0 0.0 1.0 1.0 0.0
0.0 0.0 0.0 0.0 0.0 1.0 1.0 1.0 1.0 1.0
0.0 0.0 0.0 0.0 0.0 1.0 0.0 0.0 1.0 0.0
0.0 0.0 1.0 0.0 1.0 1.0 0.0 1.0 1.0 1.0
0.0 1.0 1.0 1.0 0.0 1.0 1.0 0.0 0.0 0.0
1.0 1.0 0.0 0.0 1.0 1.0 0.0 0.0 0.0 1.0
1.0 1.0 0.0 0.0 0.0 0.0 0.0 1.0 0.0 1.0
1.0 0.0 0.0 0.0 0.0 1.0 1.0 0.0 1.0 1.0
0.0 0.0 1.0 1.0 1.0 0.0 1.0 0.0 0.0 1.0
0.0 1.0 1.0 1.0 0.0 1.0 0.0 0.0 0.0 1.0
1.0 1.0 0.0 0.0 1.0 0.0 0.0 0.0 0.0 0.0
1.0 0.0 0.0 1.0 0.0 0.0 0.0 0.0 0.0 0.0
1.0 0.0 0.0 1.0 0.0 0.0 0.0 1.0 0.0 1.0
0.0 0.0 0.0 0.0 1.0 1.0 0.0 0.0 1.0 0.0
0.0 0.0 0.0 0.0 1.0 0.0 0.0 0.0 0.0 0.0
0.0 0.0 1.0 1.0 0.0 1.0 0.0 0.0 1.0 1.0
1.0 0.0 1.0 0.0 0.0 0.0 0.0 1.0 0.0 1.0
0.0 1.0 1.0 0.0 1.0 0.0 0.0 0.0 1.0 1.0
1.0 1.0 0.0 1.0 0.0 1.0 0.0 1.0 0.0 0.0
1.0 0.0 0.0 0.0 1.0 0.0 1.0 0.0 0.0 0.0
0.0 0.0 0.0 1.0 1.0 0.0 0.0 0.0 0.0 0.0
0.0 1.0 0.0 0.0 0.0 0.0 0.0 0.0 0.0 0.0
1.0 0.0 1.0 0.0 0.0 1.0 0.0 0.0 0.0 1.0
0.0 1.0 0.0 0.0 1.0 0.0 0.0 0.0 0.0 0.0
1.0 0.0 0.0 1.0 0.0 1.0 0.0 0.0 0.0 1.0
0.0 0.0 0.0 1.0 0.0 0.0 0.0 0.0 0.0 0.0
0.0 0.0 1.0 0.0 0.0 0.0 0.0 0.0 0.0 0.0
0.0 1.0 0.0 0.0 0.0 1.0 0.0 0.0 1.0 1.0
0.0 1.0 0.0 1.0 0.0 0.0 1.0 0.0 0.0 1.0
1.0 0.0 0.0 0.0 0.0 1.0 0.0 0.0 1.0 1.0
0.0 1.0 1.0 1.0 1.0 0.0 0.0 0.0 0.0 1.0
1.0 1.0 0.0 0.0 0.0 0.0 1.0 1.0 1.0 0.0
0.0 0.0 1.0 0.0 0.0 0.0 0.0 0.0 1.0 0.0
0.0 1.0 0.0 0.0 0.0 0.0 0.0 1.0 0.0 0.0
1.0 0.0 1.0 0.0 0.0 0.0 1.0 0.0 0.0 1.0
0.0 0.0 1.0 0.0 0.0 1.0 0.0 1.0 0.0 1.0
0.0 1.0 1.0 0.0 1.0 0.0 1.0 0.0 0.0 1.0
1.0 1.0 1.0 1.0 0.0 0.0 0.0 0.0 0.0 1.0
0.0 0.0 0.0 0.0 1.0 1.0 0.0 0.0 0.0 0.0
0.0 0.0 0.0 0.0 0.0 1.0 1.0 0.0 0.0 0.0
0.0 1.0 0.0 0.0 0.0 0.0 0.0 1.0 1.0 1.0
1.0 0.0 0.0 0.0 0.0 1.0 1.0 1.0 0.0 1.0
0.0 0.0 1.0 0.0 1.0 0.0 1.0 0.0 0.0 0.0
0.0 1.0 1.0 0.0 0.0 0.0 1.0 0.0 1.0 1.0
1.0 0.0 1.0 1.0 1.0 0.0 0.0 0.0 0.0 1.0
0.0 0.0 1.0 1.0 0.0 0.0 0.0 0.0 0.0 0.0
0.0 0.0 1.0 1.0 1.0 0.0 1.0 0.0 1.0 1.0
0.0 1.0 0.0 1.0 0.0 0.0 0.0 1.0 0.0 1.0
1.0 0.0 0.0 0.0 0.0 0.0 1.0 0.0 0.0 0.0
0.0 0.0 0.0 0.0 1.0 0.0 0.0 1.0 0.0 0.0
0.0 0.0 1.0 0.0 1.0 0.0 0.0 1.0 0.0 0.0
0.0 1.0 1.0 1.0 0.0 0.0 1.0 0.0 1.0 0.0
0.0 0.0 0.0 1.0 0.0 0.0 1.0 1.0 1.0 1.0
0.0 0.0 0.0 0.0 0.0 0.0 1.0 1.0 1.0 1.0
0.0 0.0 1.0 0.0 0.0 1.0 1.0 1.0 0.0 1.0
1.0 0.0 0.0 1.0 0.0 1.0 1.0 0.0 0.0 1.0
0.0 1.0 1.0 0.0 0.0 0.0 0.0 1.0 0.0 1.0
0.0 1.0 0.0 0.0 1.0 1.0 0.0 1.0 0.0 1.0
1.0 0.0 0.0 1.0 1.0 1.0 1.0 0.0 0.0 1.0
0.0 0.0 1.0 1.0 1.0 0.0 0.0 0.0 1.0 1.0
1.0 0.0 1.0 0.0 1.0 1.0 1.0 0.0 0.0 1.0
0.0 1.0 0.0 1.0 1.0 0.0 0.0 0.0 0.0 0.0
1.0 0.0 1.0 1.0 0.0 0.0 0.0 0.0 0.0 1.0
0.0 1.0 0.0 1.0 1.0 0.0 0.0 1.0 0.0 1.0
0.0 1.0 0.0 0.0 0.0 1.0 0.0 0.0 0.0 0.0
1.0 0.0 0.0 0.0 1.0 1.0 0.0 0.0 0.0 0.0
0.0 0.0 1.0 1.0 1.0 1.0 0.0 0.0 0.0 1.0
0.0 0.0 0.0 0.0 0.0 1.0 0.0 1.0 0.0 0.0
1.0 0.0 1.0 0.0 0.0 0.0 0.0 0.0 1.0 1.0
0.0 0.0 1.0 0.0 1.0 0.0 0.0 0.0 0.0 0.0
1.0 0.0 1.0 1.0 0.0 1.0 1.0 0.0 0.0 0.0
0.0 0.0 0.0 0.0 1.0 0.0 1.0 0.0 0.0 0.0
1.0 0.0 0.0 0.0 0.0 1.0 1.0 0.0 0.0 1.0
1.0 0.0 1.0 1.0 0.0 0.0 1.0 0.0 1.0 0.0
0.0 1.0 1.0 0.0 0.0 0.0 0.0 0.0 0.0 0.0
0.0 1.0 0.0 0.0 0.0 0.0 1.0 1.0 0.0 1.0
0.0 0.0 0.0 1.0 1.0 0.0 1.0 0.0 0.0 0.0
1.0 0.0 0.0 0.0 0.0 0.0 0.0 1.0 1.0 1.0
0.0 0.0 1.0 0.0 0.0 0.0 1.0 1.0 0.0 1.0
0.0 1.0 0.0 0.0 0.0 1.0 1.0 0.0 0.0 1.0
1.0 0.0 0.0 0.0 1.0 0.0 0.0 0.0 0.0 0.0
1.0 0.0 1.0 0.0 0.0 0.0 0.0 0.0 0.0 0.0
0.0 0.0 1.0 1.0 0.0 0.0 0.0 0.0 1.0 1.0
0.0 1.0 1.0 0.0 1.0 0.0 0.0 0.0 0.0 0.0
0.0 0.0 0.0 0.0 1.0 0.0 1.0 1.0 1.0 1.0
0.0 0.0 0.0 0.0 0.0 0.0 1.0 0.0 1.0 0.0
1.0 1.0 0.0 1.0 0.0 0.0 1.0 1.0 0.0 0.0
0.0 0.0 1.0 0.0 1.0 1.0 0.0 0.0 0.0 0.0
0.0 0.0 0.0 1.0 0.0 1.0 0.0 0.0 0.0 0.0
0.0 0.0 0.0 1.0 1.0 0.0 1.0 0.0 1.0 1.0
0.0 0.0 0.0 1.0 0.0 0.0 0.0 1.0 0.0 0.0
0.0 1.0 1.0 0.0 0.0 0.0 0.0 1.0 1.0 1.0
1.0 1.0 0.0 1.0 0.0 1.0 0.0 1.0 1.0 0.0
1.0 0.0 0.0 0.0 1.0 0.0 1.0 1.0 0.0 1.0
0.0 0.0 0.0 0.0 0.0 1.0 1.0 0.0 1.0 1.0
1.0 1.0 1.0 0.0 0.0 0.0 1.0 0.0 0.0 1.0
0.0 0.0 0.0 1.0 0.0 0.0 1.0 0.0 1.0 1.0
1.0 0.0 0.0 1.0 0.0 1.0 1.0 1.0 1.0 0.0
0.0 1.0 1.0 0.0 0.0 1.0 1.0 0.0 0.0 1.0
1.0 1.0 0.0 1.0 1.0 0.0 0.0 1.0 1.0 0.0
0.0 1.0 0.0 0.0 0.0 1.0 1.0 1.0 1.0 0.0
0.0 1.0 0.0 0.0 1.0 0.0 1.0 0.0 0.0 0.0
0.0 0.0 0.0 0.0 1.0 1.0 1.0 0.0 1.0 1.0
1.0 1.0 0.0 1.0 0.0 0.0 0.0 0.0 0.0 1.0
1.0 0.0 0.0 0.0 0.0 0.0 0.0 0.0 1.0 0.0
1.0 1.0 0.0 1.0 1.0 0.0 0.0 0.0 0.0 1.0
0.0 0.0 1.0 0.0 1.0 1.0 1.0 0.0 0.0 1.0
1.0 1.0 1.0 0.0 0.0 1.0 0.0 0.0 1.0 0.0
1.0 0.0 1.0 1.0 1.0 0.0 1.0 0.0 1.0 0.0
0.0 1.0 1.0 1.0 0.0 1.0 0.0 1.0 0.0 0.0
0.0 0.0 0.0 0.0 1.0 0.0 1.0 0.0 1.0 0.0
0.0 0.0 1.0 1.0 0.0 1.0 0.0 0.0 0.0 1.0
0.0 1.0 0.0 0.0 1.0 1.0 0.0 0.0 0.0 0.0
0.0 1.0 0.0 0.0 0.0 0.0 0.0 0.0 1.0 0.0
1.0 0.0 0.0 0.0 0.0 0.0 1.0 0.0 1.0 1.0
1.0 1.0 1.0 0.0 0.0 1.0 0.0 1.0 1.0 0.0
0.0 0.0 0.0 1.0 1.0 0.0 0.0 1.0 1.0 1.0
0.0 0.0 0.0 1.0 0.0 1.0 1.0 1.0 0.0 1.0
1.0 0.0 1.0 1.0 0.0 0.0 0.0 1.0 1.0 0.0
0.0 0.0 1.0 1.0 1.0 0.0 0.0 1.0 0.0 1.0
1.0 1.0 1.0 1.0 0.0 1.0 0.0 0.0 0.0 0.0
0.0 1.0 0.0 0.0 1.0 1.0 0.0 0.0 1.0 1.0
0.0 0.0 1.0 1.0 0.0 1.0 1.0 0.0 0.0 1.0
0.0 1.0 0.0 0.0 1.0 0.0 0.0 0.0 1.0 0.0
1.0 0.0 1.0 1.0 0.0 1.0 0.0 1.0 0.0 0.0
0.0 1.0 1.0 0.0 0.0 1.0 0.0 1.0 0.0 1.0
1.0 0.0 1.0 0.0 1.0 0.0 1.0 0.0 0.0 1.0
1.0 0.0 1.0 0.0 1.0 0.0 0.0 1.0 1.0 1.0
0.0 1.0 0.0 1.0 0.0 0.0 1.0 1.0 0.0 1.0
0.0 0.0 1.0 1.0 0.0 0.0 1.0 0.0 0.0 1.0
1.0 1.0 0.0 0.0 0.0 0.0 1.0 0.0 1.0 1.0
1.0 0.0 0.0 0.0 0.0 0.0 0.0 1.0 0.0 0.0
0.0 0.0 1.0 1.0 1.0 1.0 0.0 0.0 1.0 1.0
0.0 1.0 0.0 1.0 0.0 0.0 0.0 0.0 1.0 1.0
0.0 0.0 0.0 1.0 0.0 1.0 1.0 0.0 0.0 1.0
1.0 0.0 1.0 1.0 0.0 1.0 0.0 0.0 0.0 1.0
0.0 0.0 0.0 0.0 0.0 1.0 1.0 1.0 0.0 1.0
0.0 0.0 0.0 1.0 1.0 0.0 1.0 1.0 0.0 1.0
1.0 1.0 0.0 0.0 0.0 0.0 1.0 1.0 0.0 1.0
1.0 1.0 0.0 1.0 0.0 1.0 1.0 0.0 0.0 0.0
1.0 0.0 0.0 0.0 1.0 0.0 0.0 0.0 1.0 0.0
1.0 0.0 0.0 1.0 0.0 0.0 0.0 1.0 1.0 1.0
1.0 0.0 0.0 0.0 1.0 1.0 0.0 0.0 1.0 1.0
1.0 0.0 0.0 0.0 1.0 0.0 0.0 1.0 1.0 1.0
0.0 1.0 0.0 0.0 0.0 1.0 0.0 1.0 0.0 1.0
0.0 1.0 1.0 1.0 0.0 1.0 0.0 1.0 1.0 0.0
1.0 1.0 0.0 0.0 1.0 1.0 1.0 1.0 0.0 0.0
1.0 0.0 0.0 0.0 1.0 0.0 0.0 1.0 0.0 0.0
1.0 1.0 0.0 1.0 0.0 1.0 0.0 0.0 0.0 1.0
0.0 1.0 0.0 0.0 0.0 1.0 0.0 1.0 1.0 1.0
1.0 1.0 0.0 0.0 0.0 0.0 0.0 0.0 1.0 1.0
1.0 0.0 1.0 0.0 0.0 1.0 0.0 1.0 0.0 1.0
1.0 1.0 0.0 1.0 1.0 0.0 0.0 0.0 1.0 1.0
1.0 0.0 1.0 1.0 0.0 0.0 1.0 1.0 1.0 0.0
0.0 1.0 0.0 0.0 0.0 0.0 1.0 1.0 1.0 1.0
1.0 0.0 0.0 0.0 0.0 0.0 1.0 1.0 0.0 1.0
1.0 0.0 0.0 0.0 0.0 1.0 0.0 1.0 0.0 1.0
1.0 0.0 0.0 0.0 1.0 1.0 1.0 0.0 0.0 1.0
1.0 0.0 1.0 0.0 0.0 1.0 0.0 1.0 1.0 0.0
0.0 0.0 0.0 1.0 1.0 1.0 1.0 1.0 0.0 1.0
0.0 1.0 1.0 1.0 0.0 0.0 0.0 0.0 0.0 1.0
0.0 0.0 0.0 1.0 1.0 0.0 0.0 0.0 1.0 0.0
0.0 0.0 1.0 1.0 0.0 0.0 0.0 1.0 1.0 1.0
0.0 0.0 1.0 1.0 0.0 0.0 1.0 0.0 1.0 1.0
1.0 1.0 1.0 0.0 0.0 1.0 1.0 0.0 0.0 0.0
1.0 1.0 0.0 0.0 0.0 1.0 0.0 0.0 0.0 1.0
0.0 0.0 1.0 1.0 0.0 1.0 1.0 1.0 0.0 0.0
0.0 0.0 1.0 0.0 1.0 0.0 1.0 1.0 0.0 1.0
1.0 1.0 0.0 1.0 1.0 0.0 1.0 0.0 1.0 0.0
0.0 1.0 1.0 1.0 0.0 0.0 1.0 1.0 0.0 0.0
0.0 0.0 0.0 1.0 0.0 1.0 1.0 1.0 1.0 0.0
1.0 0.0 1.0 0.0 1.0 0.0 0.0 0.0 0.0 0.0
0.0 0.0 0.0 1.0 0.0 1.0 0.0 1.0 0.0 1.0
1.0 0.0 1.0 0.0 0.0 0.0 1.0 0.0 1.0 1.0
0.0 1.0 0.0 1.0 0.0 0.0 1.0 0.0 1.0 1.0
0.0 0.0 0.0 1.0 1.0 1.0 1.0 1.0 1.0 0.0
0.0 0.0 1.0 0.0 1.0 1.0 1.0 1.0 1.0 0.0
1.0 1.0 1.0 1.0 1.0 1.0 0.0 0.0 0.0 0.0
0.0 0.0 0.0 0.0 1.0 1.0 1.0 1.0 0.0 1.0
1.0 0.0 1.0 0.0 0.0 0.0 1.0 1.0 0.0 1.0
1.0 0.0 0.0 0.0 0.0 1.0 1.0 1.0 1.0 0.0
1.0 1.0 0.0 0.0 1.0 0.0 0.0 0.0 1.0 1.0
1.0 0.0 1.0 1.0 0.0 0.0 0.0 1.0 0.0 1.0
0.0 1.0 1.0 0.0 0.0 0.0 1.0 0.0 0.0 1.0
0.0 1.0 0.0 1.0 1.0 0.0 0.0 0.0 1.0 1.0
0.0 0.0 0.0 0.0 1.0 1.0 1.0 0.0 0.0 0.0
1.0 1.0 1.0 0.0 0.0 0.0 0.0 1.0 0.0 1.0
0.0 1.0 1.0 1.0 1.0 0.0 0.0 0.0 1.0 1.0
1.0 1.0 1.0 1.0 0.0 1.0 0.0 1.0 0.0 0.0
1.0 0.0 0.0 0.0 1.0 1.0 0.0 1.0 1.0 1.0
0.0 1.0 1.0 0.0 0.0 0.0 1.0 1.0 0.0 1.0
1.0 1.0 1.0 0.0 0.0 0.0 0.0 0.0 1.0 1.0
1.0 0.0 0.0 1.0 1.0 1.0 1.0 0.0 1.0 0.0
1.0 0.0 1.0 0.0 0.0 1.0 1.0 0.0 1.0 0.0
0.0 0.0 1.0 0.0 1.0 0.0 1.0 0.0 1.0 1.0
1.0 0.0 0.0 1.0 0.0 1.0 0.0 1.0 0.0 1.0
0.0 1.0 0.0 1.0 0.0 0.0 0.0 1.0 1.0 1.0
0.0 1.0 1.0 1.0 0.0 0.0 0.0 0.0 1.0 1.0
0.0 1.0 0.0 1.0 0.0 1.0 1.0 0.0 1.0 0.0
1.0 1.0 0.0 0.0 0.0 1.0 1.0 0.0 1.0 0.0
1.0 1.0 0.0 0.0 0.0 1.0 1.0 0.0 0.0 1.0
1.0 0.0 1.0 1.0 0.0 0.0 0.0 0.0 1.0 1.0
1.0 1.0 0.0 1.0 0.0 1.0 1.0 1.0 0.0 0.0
1.0 0.0 1.0 0.0 1.0 0.0 0.0 0.0 1.0 1.0
1.0 0.0 1.0 0.0 0.0 0.0 1.0 1.0 1.0 0.0
1.0 0.0 1.0 0.0 1.0 0.0 1.0 0.0 1.0 1.0