# 140 of 1
# 372 of 0
0.0 0.0 1.0 1.0 1.0 1.0 0.0 0.0 0.0 1.0
0.0 1.0 0.0 1.0 1.0 0.0 0.0 0.0 0.0 1.0
1.0 0.0 1.0 1.0 0.0 0.0 0.0 0.0 0.0 1.0
0.0 1.0 1.0 0.0 0.0 1.0 0.0 0.0 1.0 0.0
1.0 1.0 0.0 0.0 1.0 0.0 0.0 1.0 1.0 0.0
1.0 0.0 0.0 1.0 0.0 1.0 1.0 1.0 1.0 0.0
0.0 0.0 0.0 0.0 1.0 1.0 1.0 1.0 0.0 1.0
0.0 0.0 1.0 1.0 1.0 1.0 1.0 0.0 0.0 0.0
0.0 1.0 1.0 1.0 1.0 0.0 0.0 0.0 1.0 0.0
1.0 1.0 1.0 1.0 0.0 1.0 0.0 1.0 1.0 0.0
1.0 1.0 1.0 0.0 1.0 1.0 1.0 1.0 0.0 0.0
1.0 1.0 0.0 1.0 1.0 0.0 1.0 0.0 0.0 0.0
1.0 0.0 0.0 1.0 0.0 1.0 0.0 0.0 0.0 1.0
0.0 0.0 0.0 0.0 1.0 1.0 0.0 0.0 0.0 0.0
0.0 0.0 1.0 1.0 1.0 0.0 0.0 0.0 0.0 1.0
0.0 1.0 0.0 1.0 0.0 0.0 0.0 0.0 1.0 1.0
1.0 0.0 0.0 0.0 0.0 0.0 0.0 1.0 0.0 0.0
0.0 0.0 0.0 0.0 0.0 1.0 1.0 0.0 1.0 1.0
0.0 0.0 1.0 0.0 1.0 0.0 0.0 1.0 0.0 1.0
0.0 1.0 1.0 1.0 0.0 1.0 1.0 0.0 0.0 0.0
1.0 1.0 1.0 0.0 1.0 1.0 0.0 0.0 0.0 0.0
1.0 1.0 1.0 1.0 1.0 1.0 0.0 0.0 1.0 0.0
1.0 1.0 0.0 1.0 1.0 1.0 0.0 1.0 0.0 0.0
1.0 0.0 0.0 1.0 1.0 0.0 1.0 0.0 0.0 1.0
0.0 0.0 1.0 1.0 0.0 0.0 0.0 0.0 1.0 1.0
0.0 1.0 1.0 0.0 0.0 1.0 0.0 1.0 0.0 0.0
1.0 1.0 0.0 0.0 1.0 1.0 1.0 0.0 0.0 0.0
1.0 0.0 1.0 1.0 1.0 0.0 0.0 0.0 0.0 1.0
0.0 1.0 0.0 1.0 0.0 0.0 0.0 0.0 0.0 0.0
1.0 0.0 1.0 0.0 0.0 1.0 0.0 0.0 0.0 1.0
0.0 1.0 0.0 0.0 1.0 1.0 0.0 0.0 1.0 1.0
1.0 0.0 0.0 1.0 1.0 1.0 0.0 1.0 0.0 0.0
0.0 0.0 0.0 1.0 1.0 1.0 1.0 0.0 1.0 0.0
0.0 0.0 1.0 1.0 1.0 0.0 0.0 1.0 0.0 1.0
0.0 1.0 1.0 1.0 0.0 0.0 1.0 0.0 0.0 0.0
1.0 1.0 1.0 0.0 0.0 1.0 0.0 0.0 1.0 0.0
0.0 0.0 0.0 0.0 1.0 0.0 1.0 1.0 1.0 1.0
0.0 0.0 1.0 1.0 0.0 0.0 1.0 1.0 1.0 0.0
0.0 1.0 0.0 0.0 0.0 1.0 1.0 1.0 1.0 0.0
1.0 0.0 1.0 0.0 1.0 0.0 1.0 1.0 0.0 0.0
1.0 1.0 0.0 0.0 1.0 1.0 0.0 1.0 1.0 0.0
1.0 0.0 1.0 1.0 1.0 0.0 1.0 1.0 1.0 0.0
0.0 1.0 0.0 1.0 0.0 1.0 1.0 1.0 0.0 0.0
1.0 0.0 1.0 0.0 1.0 1.0 1.0 0.0 0.0 0.0
0.0 1.0 0.0 1.0 1.0 1.0 0.0 0.0 0.0 1.0
1.0 0.0 0.0 1.0 1.0 1.0 0.0 0.0 0.0 1.0
1.0 1.0 1.0 0.0 0.0 0.0 0.0 1.0 0.0 0.0
1.0 1.0 0.0 0.0 0.0 0.0 1.0 0.0 0.0 1.0
1.0 0.0 0.0 0.0 0.0 0.0 0.0 0.0 1.0 0.0
0.0 0.0 1.0 0.0 0.0 1.0 0.0 1.0 0.0 1.0
0.0 1.0 0.0 0.0 1.0 1.0 1.0 0.0 0.0 1.0
1.0 0.0 1.0 1.0 1.0 1.0 0.0 0.0 1.0 0.0
0.0 1.0 1.0 1.0 1.0 0.0 0.0 1.0 1.0 0.0
1.0 1.0 1.0 1.0 0.0 0.0 1.0 1.0 1.0 0.0
1.0 1.0 0.0 0.0 0.0 1.0 1.0 1.0 0.0 0.0
1.0 1.0 0.0 1.0 0.0 0.0 0.0 1.0 1.0 0.0
1.0 0.0 1.0 0.0 0.0 0.0 1.0 1.0 0.0 0.0
0.0 1.0 1.0 0.0 0.0 0.0 1.0 0.0 1.0 0.0
1.0 1.0 0.0 0.0 0.0 0.0 0.0 1.0 0.0 1.0
1.0 0.0 0.0 0.0 0.0 1.0 1.0 0.0 0.0 1.0
0.0 0.0 0.0 0.0 1.0 0.0 0.0 0.0 0.0 0.0
0.0 0.0 1.0 1.0 0.0 1.0 0.0 0.0 1.0 0.0
0.0 1.0 0.0 0.0 1.0 0.0 0.0 1.0 0.0 1.0
1.0 0.0 1.0 1.0 0.0 0.0 1.0 0.0 1.0 0.0
0.0 1.0 1.0 0.0 0.0 0.0 0.0 1.0 1.0 0.0
1.0 1.0 1.0 0.0 0.0 1.0 1.0 1.0 1.0 0.0
1.0 1.0 1.0 0.0 1.0 0.0 1.0 1.0 0.0 0.0
1.0 1.0 0.0 1.0 0.0 0.0 1.0 0.0 0.0 0.0
1.0 0.0 0.0 0.0 0.0 1.0 0.0 0.0 0.0 0.0
0.0 0.0 1.0 0.0 1.0 0.0 0.0 0.0 1.0 1.0
0.0 1.0 1.0 1.0 0.0 0.0 0.0 1.0 1.0 0.0
1.0 1.0 0.0 0.0 0.0 0.0 1.0 1.0 0.0 0.0
1.0 0.0 0.0 0.0 0.0 0.0 1.0 0.0 1.0 1.0
0.0 0.0 1.0 0.0 0.0 0.0 0.0 1.0 0.0 0.0
0.0 1.0 1.0 0.0 0.0 1.0 1.0 0.0 0.0 0.0
1.0 1.0 1.0 0.0 1.0 0.0 0.0 0.0 1.0 0.0
1.0 1.0 0.0 0.0 1.0 0.0 1.0 1.0 0.0 0.0
1.0 0.0 0.0 1.0 0.0 0.0 1.0 0.0 0.0 1.0
0.0 0.0 1.0 0.0 0.0 1.0 0.0 0.0 0.0 0.0
1.0 0.0 1.0 1.0 1.0 1.0 0.0 1.0 1.0 0.0
0.0 1.0 0.0 1.0 1.0 1.0 1.0 1.0 0.0 0.0
1.0 0.0 0.0 1.0 1.0 1.0 1.0 0.0 1.0 0.0
0.0 0.0 1.0 1.0 1.0 1.0 0.0 1.0 1.0 0.0
0.0 1.0 0.0 1.0 1.0 0.0 1.0 1.0 0.0 0.0
1.0 0.0 0.0 1.0 0.0 0.0 1.0 0.0 1.0 0.0
0.0 0.0 1.0 0.0 0.0 1.0 0.0 1.0 1.0 0.0
0.0 1.0 1.0 0.0 1.0 1.0 1.0 1.0 1.0 0.0
1.0 1.0 0.0 1.0 1.0 1.0 1.0 1.0 0.0 0.0
1.0 0.0 1.0 1.0 1.0 0.0 1.0 0.0 1.0 0.0
1.0 1.0 1.0 0.0 0.0 0.0 1.0 1.0 0.0 0.0
1.0 1.0 1.0 0.0 0.0 0.0 1.0 0.0 1.0 0.0
0.0 0.0 0.0 0.0 1.0 0.0 0.0 1.0 1.0 1.0
0.0 0.0 0.0 1.0 0.0 0.0 1.0 1.0 0.0 1.0
0.0 0.0 0.0 0.0 0.0 1.0 1.0 0.0 0.0 0.0
0.0 1.0 1.0 1.0 0.0 0.0 0.0 1.0 0.0 0.0
1.0 1.0 1.0 0.0 0.0 1.0 1.0 0.0 1.0 0.0
1.0 1.0 0.0 0.0 1.0 1.0 0.0 1.0 0.0 0.0
0.0 1.0 1.0 1.0 0.0 0.0 1.0 0.0 1.0 0.0
1.0 1.0 0.0 0.0 0.0 1.0 0.0 1.0 0.0 0.0
1.0 0.0 0.0 0.0 1.0 1.0 1.0 0.0 1.0 0.0
0.0 0.0 0.0 1.0 1.0 0.0 0.0 1.0 1.0 1.0
0.0 0.0 0.0 1.0 0.0 1.0 1.0 1.0 1.0 0.0
0.0 0.0 0.0 0.0 1.0 0.0 1.0 1.0 0.0 1.0
0.0 0.0 1.0 1.0 0.0 0.0 1.0 0.0 1.0 0.0
0.0 1.0 0.0 0.0 0.0 0.0 0.0 1.0 0.0 0.0
1.0 0.0 1.0 0.0 0.0 1.0 1.0 0.0 1.0 0.0
1.0 0.0 0.0 1.0 0.0 1.0 1.0 0.0 1.0 0.0
0.0 0.0 0.0 0.0 1.0 1.0 0.0 1.0 1.0 1.0
0.0 0.0 1.0 1.0 1.0 1.0 1.0 1.0 0.0 0.0
0.0 1.0 0.0 1.0 1.0 0.0 1.0 0.0 1.0 0.0
1.0 0.0 0.0 1.0 0.0 0.0 0.0 1.0 1.0 0.0
0.0 0.0 1.0 0.0 0.0 0.0 1.0 1.0 1.0 0.0
1.0 0.0 0.0 0.0 1.0 1.0 1.0 1.0 1.0 0.0
0.0 0.0 0.0 1.0 1.0 0.0 1.0 1.0 0.0 1.0
0.0 0.0 0.0 1.0 0.0 1.0 1.0 0.0 1.0 0.0
0.0 0.0 0.0 0.0 1.0 0.0 0.0 1.0 0.0 0.0
0.0 1.0 0.0 0.0 0.0 1.0 0.0 1.0 1.0 0.0
1.0 0.0 1.0 0.0 1.0 1.0 1.0 1.0 0.0 0.0
0.0 1.0 0.0 1.0 1.0 0.0 1.0 0.0 0.0 1.0
1.0 0.0 0.0 1.0 0.0 0.0 0.0 0.0 1.0 1.0
0.0 0.0 1.0 0.0 0.0 0.0 0.0 1.0 1.0 1.0
0.0 1.0 1.0 0.0 0.0 1.0 1.0 1.0 0.0 0.0
1.0 1.0 1.0 0.0 1.0 1.0 1.0 0.0 1.0 0.0
1.0 1.0 1.0 1.0 1.0 0.0 0.0 1.0 0.0 0.0
1.0 1.0 1.0 1.0 0.0 1.0 1.0 0.0 1.0 0.0
1.0 1.0 1.0 0.0 1.0 1.0 0.0 1.0 1.0 0.0
1.0 1.0 0.0 1.0 1.0 0.0 1.0 1.0 0.0 0.0
1.0 0.0 0.0 1.0 0.0 1.0 1.0 0.0 0.0 0.0
0.0 0.0 1.0 0.0 1.0 1.0 0.0 0.0 0.0 1.0
0.0 1.0 1.0 1.0 1.0 1.0 0.0 0.0 0.0 0.0
1.0 1.0 1.0 1.0 1.0 0.0 0.0 0.0 1.0 0.0
1.0 1.0 0.0 1.0 0.0 1.0 0.0 1.0 1.0 0.0
0.0 1.0 0.0 0.0 1.0 1.0 1.0 1.0 1.0 0.0
1.0 0.0 0.0 1.0 1.0 0.0 1.0 1.0 0.0 0.0
1.0 0.0 0.0 0.0 1.0 0.0 1.0 1.0 0.0 1.0
0.0 0.0 1.0 1.0 0.0 1.0 1.0 0.0 0.0 0.0
0.0 1.0 1.0 0.0 1.0 0.0 0.0 0.0 0.0 1.0
1.0 1.0 1.0 1.0 0.0 1.0 0.0 0.0 0.0 0.0
1.0 1.0 0.0 0.0 1.0 0.0 0.0 0.0 1.0 1.0
1.0 0.0 0.0 1.0 0.0 1.0 0.0 1.0 0.0 0.0
0.0 0.0 1.0 0.0 1.0 0.0 1.0 0.0 0.0 1.0
0.0 1.0 1.0 1.0 0.0 1.0 0.0 0.0 0.0 0.0
1.0 1.0 0.0 0.0 1.0 1.0 0.0 0.0 1.0 0.0
0.0 0.0 1.0 1.0 0.0 1.0 0.0 0.0 0.0 1.0
0.0 1.0 0.0 0.0 1.0 0.0 0.0 0.0 1.0 1.0
1.0 0.0 1.0 1.0 0.0 1.0 0.0 1.0 1.0 0.0
0.0 1.0 1.0 0.0 1.0 1.0 1.0 1.0 0.0 0.0
1.0 1.0 1.0 1.0 1.0 0.0 1.0 0.0 1.0 0.0
1.0 1.0 0.0 1.0 0.0 1.0 0.0 1.0 0.0 0.0
0.0 0.0 0.0 1.0 1.0 1.0 0.0 1.0 0.0 1.0
0.0 0.0 1.0 1.0 1.0 1.0 1.0 0.0 1.0 0.0
0.0 1.0 1.0 1.0 1.0 1.0 0.0 1.0 0.0 0.0
1.0 0.0 1.0 1.0 0.0 1.0 0.0 0.0 0.0 0.0
0.0 1.0 0.0 0.0 1.0 0.0 0.0 0.0 0.0 0.0
1.0 0.0 0.0 0.0 0.0 1.0 1.0 1.0 0.0 0.0
0.0 0.0 0.0 0.0 1.0 1.0 1.0 0.0 1.0 1.0
1.0 0.0 1.0 1.0 0.0 1.0 0.0 1.0 0.0 0.0
0.0 1.0 1.0 0.0 1.0 1.0 1.0 0.0 1.0 0.0
1.0 1.0 0.0 1.0 1.0 0.0 0.0 1.0 1.0 0.0
1.0 0.0 1.0 1.0 0.0 0.0 1.0 1.0 0.0 0.0
0.0 1.0 1.0 0.0 0.0 0.0 1.0 0.0 0.0 1.0
1.0 1.0 1.0 0.0 0.0 0.0 0.0 0.0 1.0 0.0
1.0 1.0 0.0 0.0 0.0 1.0 0.0 1.0 1.0 0.0
1.0 0.0 1.0 0.0 1.0 1.0 1.0 1.0 1.0 0.0
0.0 1.0 1.0 1.0 1.0 1.0 1.0 1.0 1.0 0.0
1.0 1.0 0.0 1.0 1.0 0.0 1.0 1.0 1.0 0.0
1.0 0.0 1.0 1.0 0.0 1.0 1.0 1.0 1.0 0.0
0.0 1.0 1.0 1.0 1.0 1.0 0.0 0.0 1.0 0.0
0.0 0.0 1.0 0.0 1.0 1.0 1.0 1.0 0.0 0.0
1.0 0.0 1.0 1.0 0.0 0.0 0.0 1.0 1.0 0.0
0.0 1.0 0.0 0.0 0.0 0.0 1.0 1.0 0.0 1.0
1.0 0.0 1.0 0.0 0.0 0.0 1.0 0.0 0.0 1.0
0.0 1.0 0.0 0.0 0.0 1.0 0.0 0.0 1.0 1.0
1.0 0.0 1.0 0.0 1.0 0.0 0.0 1.0 0.0 1.0
0.0 1.0 0.0 1.0 0.0 0.0 1.0 0.0 1.0 0.0
1.0 0.0 1.0 0.0 0.0 0.0 0.0 1.0 0.0 1.0
0.0 1.0 1.0 0.0 0.0 1.0 1.0 0.0 1.0 0.0
1.0 1.0 1.0 0.0 1.0 1.0 0.0 1.0 0.0 0.0
1.0 1.0 0.0 1.0 1.0 0.0 1.0 0.0 1.0 0.0
0.0 1.0 0.0 0.0 0.0 0.0 1.0 1.0 1.0 0.0
1.0 0.0 1.0 0.0 0.0 0.0 1.0 1.0 1.0 0.0
0.0 1.0 0.0 0.0 0.0 1.0 1.0 1.0 0.0 0.0
1.0 0.0 1.0 0.0 1.0 0.0 1.0 0.0 0.0 1.0
0.0 1.0 1.0 1.0 0.0 1.0 0.0 0.0 1.0 0.0
1.0 1.0 1.0 0.0 1.0 0.0 0.0 1.0 1.0 0.0
1.0 1.0 1.0 1.0 0.0 1.0 1.0 1.0 0.0 0.0
1.0 1.0 1.0 0.0 1.0 0.0 1.0 0.0 0.0 0.0
1.0 1.0 0.0 1.0 0.0 0.0 0.0 0.0 0.0 1.0
1.0 0.0 1.0 0.0 0.0 0.0 0.0 0.0 0.0 0.0
0.0 1.0 0.0 0.0 0.0 0.0 0.0 0.0 1.0 0.0
1.0 0.0 0.0 0.0 1.0 1.0 1.0 1.0 0.0 0.0
0.0 0.0 1.0 1.0 1.0 0.0 1.0 0.0 0.0 1.0
1.0 0.0 1.0 1.0 0.0 0.0 0.0 1.0 0.0 0.0
0.0 1.0 0.0 0.0 0.0 1.0 1.0 0.0 0.0 1.0
1.0 0.0 1.0 0.0 1.0 0.0 0.0 0.0 0.0 1.0
1.0 1.0 0.0 0.0 1.0 1.0 0.0 0.0 0.0 1.0
1.0 0.0 0.0 1.0 1.0 0.0 0.0 0.0 1.0 1.0
0.0 0.0 0.0 1.0 0.0 0.0 0.0 1.0 0.0 0.0
0.0 0.0 1.0 0.0 1.0 1.0 0.0 1.0 1.0 0.0
1.0 1.0 1.0 1.0 1.0 1.0 1.0 1.0 1.0 0.0
1.0 0.0 1.0 1.0 1.0 1.0 1.0 0.0 0.0 0.0
1.0 0.0 1.0 1.0 1.0 1.0 1.0 1.0 1.0 0.0
0.0 1.0 1.0 1.0 1.0 0.0 1.0 1.0 0.0 0.0
1.0 1.0 0.0 1.0 0.0 1.0 1.0 0.0 0.0 0.0
1.0 0.0 0.0 0.0 1.0 1.0 0.0 0.0 1.0 1.0
0.0 0.0 0.0 1.0 0.0 0.0 1.0 1.0 1.0 0.0
0.0 0.0 1.0 0.0 0.0 1.0 1.0 1.0 1.0 0.0
0.0 1.0 0.0 0.0 1.0 0.0 1.0 1.0 1.0 0.0
0.0 0.0 1.0 1.0 0.0 1.0 1.0 1.0 0.0 0.0
0.0 1.0 1.0 0.0 1.0 0.0 1.0 0.0 0.0 1.0
1.0 1.0 0.0 1.0 0.0 1.0 0.0 0.0 1.0 0.0
1.0 0.0 0.0 0.0 1.0 1.0 0.0 1.0 1.0 0.0
0.0 0.0 0.0 1.0 1.0 1.0 1.0 1.0 1.0 0.0
0.0 0.0 1.0 1.0 1.0 0.0 1.0 1.0 0.0 0.0
1.0 1.0 0.0 0.0 0.0 1.0 0.0 0.0 0.0 1.0
1.0 0.0 1.0 0.0 0.0 1.0 0.0 0.0 1.0 0.0
0.0 1.0 0.0 0.0 1.0 1.0 0.0 1.0 1.0 0.0
1.0 0.0 1.0 1.0 1.0 0.0 1.0 1.0 0.0 0.0
0.0 1.0 0.0 1.0 0.0 0.0 1.0 0.0 0.0 1.0
0.0 0.0 0.0 0.0 0.0 0.0 0.0 1.0 0.0 0.0
0.0 1.0 1.0 1.0 1.0 0.0 1.0 0.0 1.0 0.0
0.0 1.0 0.0 0.0 0.0 1.0 1.0 0.0 1.0 0.0
1.0 0.0 0.0 0.0 1.0 0.0 0.0 1.0 0.0 1.0
0.0 0.0 1.0 1.0 0.0 0.0 1.0 0.0 0.0 1.0
0.0 1.0 0.0 0.0 0.0 0.0 0.0 0.0 0.0 0.0
1.0 0.0 1.0 0.0 0.0 0.0 0.0 0.0 1.0 1.0
1.0 1.0 0.0 0.0 0.0 1.0 1.0 1.0 1.0 0.0
1.0 0.0 0.0 0.0 1.0 0.0 1.0 1.0 1.0 0.0
1.0 1.0 1.0 1.0 1.0 1.0 0.0 1.0 0.0 0.0
1.0 1.0 1.0 1.0 1.0 1.0 1.0 0.0 1.0 0.0
1.0 1.0 1.0 1.0 1.0 0.0 0.0 1.0 1.0 0.0
1.0 1.0 1.0 1.0 0.0 0.0 1.0 1.0 0.0 0.0
0.0 0.0 1.0 1.0 0.0 1.0 1.0 0.0 1.0 0.0
0.0 1.0 1.0 0.0 1.0 1.0 0.0 1.0 0.0 0.0
1.0 0.0 0.0 1.0 1.0 1.0 1.0 1.0 1.0 0.0
0.0 1.0 0.0 1.0 1.0 1.0 1.0 0.0 1.0 0.0
0.0 1.0 0.0 1.0 1.0 1.0 1.0 1.0 1.0 0.0
1.0 0.0 1.0 0.0 0.0 1.0 0.0 1.0 1.0 0.0
1.0 1.0 1.0 1.0 1.0 1.0 1.0 1.0 0.0 0.0
1.0 1.0 1.0 1.0 1.0 1.0 1.0 0.0 0.0 0.0
1.0 1.0 0.0 1.0 1.0 0.0 0.0 0.0 1.0 0.0
1.0 0.0 0.0 1.0 0.0 0.0 0.0 1.0 0.0 1.0
0.0 0.0 1.0 0.0 0.0 0.0 1.0 0.0 0.0 0.0
0.0 1.0 1.0 0.0 1.0 1.0 1.0 0.0 0.0 0.0
0.0 0.0 0.0 0.0 0.0 1.0 1.0 1.0 0.0 1.0
0.0 0.0 0.0 0.0 1.0 0.0 1.0 0.0 0.0 0.0
0.0 1.0 0.0 0.0 1.0 1.0 0.0 1.0 0.0 1.0
0.0 1.0 1.0 1.0 1.0 0.0 0.0 0.0 0.0 1.0
1.0 0.0 0.0 0.0 1.0 1.0 0.0 1.0 0.0 1.0
0.0 0.0 0.0 1.0 1.0 0.0 1.0 0.0 1.0 1.0
0.0 0.0 1.0 1.0 0.0 1.0 0.0 1.0 0.0 0.0
0.0 1.0 0.0 0.0 1.0 0.0 1.0 0.0 1.0 1.0
0.0 0.0 0.0 0.0 0.0 0.0 1.0 0.0 0.0 0.0
0.0 0.0 0.0 0.0 0.0 1.0 0.0 0.0 0.0 0.0
0.0 0.0 0.0 0.0 1.0 1.0 0.0 0.0 1.0 1.0
0.0 1.0 1.0 1.0 0.0 1.0 1.0 1.0 1.0 0.0
1.0 1.0 1.0 0.0 1.0 0.0 1.0 1.0 1.0 0.0
1.0 1.0 0.0 0.0 1.0 1.0 1.0 0.0 1.0 0.0
1.0 0.0 0.0 1.0 1.0 0.0 0.0 1.0 0.0 1.0
0.0 1.0 1.0 0.0 1.0 0.0 1.0 0.0 1.0 0.0
1.0 1.0 0.0 0.0 1.0 1.0 1.0 1.0 0.0 0.0
1.0 1.0 1.0 1.0 1.0 0.0 0.0 0.0 0.0 0.0
1.0 1.0 1.0 0.0 1.0 1.0 0.0 0.0 1.0 0.0
1.0 1.0 1.0 1.0 1.0 1.0 0.0 1.0 1.0 0.0
0.0 0.0 1.0 0.0 1.0 1.0 0.0 1.0 0.0 1.0
0.0 1.0 1.0 1.0 1.0 1.0 1.0 0.0 1.0 0.0
1.0 1.0 1.0 1.0 0.0 0.0 1.0 0.0 0.0 0.0
1.0 1.0 0.0 0.0 0.0 1.0 0.0 0.0 1.0 0.0
1.0 0.0 0.0 0.0 1.0 0.0 0.0 1.0 1.0 1.0
0.0 1.0 1.0 0.0 1.0 0.0 1.0 1.0 1.0 0.0
1.0 1.0 0.0 0.0 0.0 0.0 1.0 1.0 1.0 0.0
1.0 0.0 1.0 0.0 0.0 1.0 1.0 1.0 1.0 0.0
0.0 1.0 1.0 0.0 1.0 0.0 1.0 1.0 0.0 0.0
1.0 1.0 0.0 1.0 0.0 1.0 1.0 0.0 1.0 0.0
1.0 0.0 1.0 0.0 1.0 0.0 0.0 1.0 1.0 0.0
0.0 1.0 0.0 1.0 0.0 1.0 1.0 1.0 1.0 0.0
0.0 0.0 0.0 1.0 0.0 0.0 1.0 0.0 1.0 1.0
1.0 1.0 0.0 1.0 1.0 1.0 1.0 0.0 1.0 0.0
1.0 0.0 1.0 1.0 1.0 1.0 0.0 1.0 0.0 0.0
1.0 0.0 1.0 1.0 1.0 0.0 0.0 1.0 0.0 0.0
1.0 0.0 1.0 0.0 1.0 0.0 1.0 0.0 1.0 0.0
0.0 1.0 0.0 1.0 0.0 1.0 0.0 1.0 0.0 0.0
1.0 0.0 1.0 0.0 1.0 1.0 1.0 0.0 1.0 0.0
0.0 1.0 1.0 1.0 1.0 0.0 0.0 1.0 0.0 0.0
0.0 1.0 1.0 0.0 1.0 0.0 0.0 1.0 0.0 1.0
1.0 1.0 1.0 1.0 0.0 0.0 1.0 0.0 1.0 0.0
1.0 0.0 1.0 0.0 0.0 0.0 1.0 0.0 1.0 0.0
1.0 1.0 1.0 1.0 0.0 1.0 1.0 1.0 1.0 0.0
1.0 1.0 0.0 0.0 1.0 0.0 1.0 1.0 1.0 0.0
1.0 0.0 0.0 1.0 0.0 0.0 1.0 1.0 1.0 0.0
0.0 0.0 1.0 0.0 0.0 1.0 1.0 1.0 0.0 0.0
1.0 0.0 0.0 1.0 1.0 0.0 0.0 0.0 0.0 1.0
0.0 0.0 0.0 1.0 0.0 0.0 0.0 0.0 0.0 0.0
0.0 0.0 1.0 0.0 0.0 0.0 0.0 0.0 1.0 0.0
0.0 1.0 0.0 0.0 0.0 1.0 0.0 1.0 0.0 1.0
0.0 0.0 1.0 1.0 1.0 1.0 0.0 1.0 0.0 0.0
0.0 1.0 1.0 1.0 1.0 1.0 1.0 0.0 0.0 0.0
1.0 1.0 0.0 1.0 1.0 0.0 0.0 0.0 0.0 1.0
1.0 0.0 0.0 1.0 0.0 1.0 0.0 0.0 1.0 0.0
1.0 0.0 0.0 1.0 1.0 1.0 1.0 0.0 0.0 0.0
0.0 0.0 0.0 1.0 1.0 1.0 0.0 0.0 0.0 1.0
0.0 0.0 0.0 0.0 1.0 1.0 0.0 1.0 0.0 1.0
0.0 0.0 1.0 1.0 1.0 0.0 1.0 0.0 1.0 0.0
0.0 1.0 1.0 1.0 0.0 1.0 0.0 1.0 1.0 0.0
1.0 1.0 1.0 1.0 0.0 1.0 1.0 0.0 0.0 0.0
1.0 1.0 1.0 0.0 1.0 0.0 0.0 0.0 0.0 1.0
1.0 1.0 1.0 1.0 0.0 1.0 0.0 0.0 1.0 0.0
1.0 1.0 0.0 0.0 1.0 0.0 0.0 1.0 0.0 1.0
1.0 0.0 0.0 1.0 0.0 0.0 1.0 1.0 0.0 0.0
0.0 0.0 1.0 0.0 0.0 1.0 1.0 0.0 1.0 0.0
0.0 1.0 0.0 0.0 1.0 0.0 0.0 1.0 1.0 1.0
0.0 0.0 0.0 1.0 0.0 1.0 1.0 0.0 0.0 1.0
0.0 1.0 0.0 1.0 1.0 1.0 0.0 0.0 1.0 0.0
1.0 1.0 0.0 0.0 0.0 0.0 0.0 1.0 1.0 0.0
1.0 0.0 0.0 0.0 0.0 0.0 1.0 1.0 0.0 1.0
1.0 1.0 0.0 0.0 0.0 0.0 0.0 0.0 0.0 0.0
0.0 1.0 1.0 0.0 1.0 1.0 0.0 0.0 1.0 0.0
1.0 1.0 0.0 1.0 1.0 0.0 0.0 1.0 0.0 0.0
1.0 0.0 1.0 1.0 0.0 1.0 1.0 0.0 0.0 0.0
1.0 1.0 0.0 1.0 0.0 1.0 0.0 0.0 0.0 0.0
1.0 0.0 1.0 0.0 1.0 1.0 0.0 0.0 1.0 0.0
0.0 1.0 0.0 1.0 1.0 0.0 0.0 1.0 0.0 1.0
0.0 1.0 0.0 1.0 0.0 1.0 1.0 0.0 1.0 0.0
1.0 0.0 1.0 0.0 1.0 1.0 0.0 1.0 1.0 0.0
0.0 1.0 0.0 0.0 0.0 1.0 0.0 0.0 0.0 0.0
1.0 0.0 1.0 0.0 1.0 1.0 0.0 0.0 0.0 1.0
1.0 1.0 1.0 1.0 0.0 0.0 0.0 1.0 1.0 0.0
1.0 1.0 1.0 0.0 0.0 1.0 1.0 1.0 0.0 0.0
0.0 0.0 0.0 1.0 1.0 0.0 0.0 0.0 0.0 0.0
0.0 0.0 0.0 0.0 0.0 0.0 0.0 0.0 0.0 0.0
0.0 1.0 1.0 0.0 0.0 1.0 0.0 1.0 1.0 0.0
0.0 0.0 0.0 1.0 0.0 1.0 0.0 0.0 0.0 0.0
0.0 0.0 0.0 0.0 1.0 0.0 0.0 0.0 1.0 0.0
0.0 0.0 0.0 1.0 0.0 1.0 0.0 1.0 0.0 1.0
1.0 1.0 0.0 0.0 1.0 0.0 0.0 0.0 0.0 1.0
1.0 0.0 0.0 1.0 0.0 1.0 1.0 1.0 0.0 0.0
1.0 0.0 1.0 1.0 0.0 0.0 0.0 0.0 1.0 0.0
1.0 0.0 1.0 1.0 0.0 1.0 0.0 0.0 1.0 0.0
1.0 1.0 0.0 1.0 0.0 0.0 0.0 1.0 0.0 0.0
1.0 0.0 1.0 0.0 0.0 1.0 1.0 0.0 0.0 0.0
1.0 1.0 1.0 1.0 0.0 0.0 0.0 0.0 0.0 0.0
0.0 1.0 1.0 0.0 0.0 0.0 1.0 1.0 0.0 0.0
1.0 1.0 0.0 0.0 0.0 1.0 1.0 0.0 1.0 0.0
0.0 1.0 1.0 0.0 0.0 0.0 0.0 1.0 0.0 1.0
1.0 1.0 0.0 0.0 0.0 0.0 1.0 0.0 1.0 0.0
1.0 0.0 0.0 0.0 0.0 1.0 0.0 1.0 1.0 0.0
0.0 1.0 0.0 0.0 0.0 0.0 1.0 0.0 0.0 0.0
0.0 0.0 0.0 0.0 0.0 0.0 0.0 1.0 1.0 0.0
0.0 0.0 0.0 0.0 0.0 0.0 1.0 1.0 1.0 1.0
0.0 1.0 0.0 0.0 1.0 1.0 1.0 0.0 1.0 0.0
1.0 0.0 1.0 1.0 1.0 0.0 0.0 1.0 1.0 0.0
0.0 1.0 0.0 1.0 0.0 0.0 1.0 1.0 1.0 0.0
1.0 0.0 0.0 0.0 0.0 1.0 1.0 1.0 1.0 0.0
1.0 0.0 1.0 0.0 0.0 1.0 1.0 1.0 0.0 0.0
1.0 0.0 0.0 0.0 1.0 0.0 1.0 0.0 0.0 1.0
0.0 0.0 1.0 1.0 0.0 0.0 0.0 0.0 0.0 0.0
1.0 0.0 0.0 0.0 0.0 0.0 0.0 0.0 0.0 0.0
0.0 1.0 1.0 0.0 0.0 0.0 0.0 0.0 0.0 0.0
1.0 1.0 0.0 0.0 0.0 0.0 0.0 0.0 1.0 1.0
0.0 0.0 0.0 1.0 0.0 1.0 1.0 1.0 0.0 0.0
0.0 0.0 1.0 0.0 1.0 1.0 1.0 0.0 1.0 0.0
1.0 0.0 0.0 0.0 1.0 0.0 0.0 0.0 0.0 0.0
1.0 1.0 0.0 0.0 0.0 1.0 1.0 0.0 0.0 0.0
0.0 0.0 1.0 0.0 1.0 0.0 1.0 1.0 1.0 0.0
0.0 1.0 0.0 1.0 0.0 0.0 1.0 1.0 0.0 0.0
0.0 0.0 0.0 1.0 1.0 1.0 0.0 1.0 1.0 0.0
1.0 0.0 0.0 1.0 1.0 1.0 0.0 1.0 1.0 0.0
0.0 0.0 0.0 1.0 1.0 1.0 1.0 1.0 0.0 0.0
1.0 0.0 0.0 0.0 1.0 1.0 1.0 0.0 0.0 1.0
0.0 1.0 0.0 1.0 0.0 1.0 0.0 0.0 1.0 0.0
0.0 0.0 0.0 0.0 0.0 0.0 1.0 0.0 1.0 0.0
0.0 0.0 0.0 0.0 0.0 0.0 1.0 1.0 0.0 0.0
1.0 0.0 1.0 0.0 0.0 1.0 0.0 1.0 0.0 0.0
0.0 1.0 0.0 0.0 1.0 0.0 1.0 0.0 0.0 1.0
1.0 0.0 0.0 1.0 0.0 0.0 0.0 0.0 0.0 0.0
1.0 0.0 1.0 1.0 1.0 0.0 1.0 0.0 0.0 0.0
1.0 0.0 0.0 0.0 0.0 0.0 0.0 1.0 1.0 1.0
0.0 0.0 0.0 0.0 1.0 0.0 1.0 0.0 1.0 1.0
0.0 0.0 1.0 1.0 0.0 0.0 0.0 1.0 0.0 1.0
1.0 0.0 1.0 1.0 1.0 1.0 1.0 1.0 0.0 0.0
1.0 0.0 0.0 1.0 1.0 0.0 0.0 1.0 1.0 0.0
1.0 0.0 0.0 0.0 0.0 0.0 1.0 0.0 0.0 0.0
1.0 1.0 1.0 0.0 1.0 0.0 1.0 0.0 1.0 0.0
0.0 0.0 0.0 1.0 0.0 0.0 0.0 1.0 1.0 1.0
1.0 1.0 0.0 1.0 0.0 0.0 0.0 0.0 1.0 0.0
1.0 0.0 1.0 0.0 0.0 0.0 0.0 1.0 1.0 0.0
0.0 0.0 1.0 1.0 1.0 0.0 0.0 0.0 1.0 1.0
0.0 1.0 0.0 1.0 0.0 1.0 0.0 1.0 1.0 0.0
0.0 0.0 0.0 0.0 0.0 1.0 1.0 1.0 1.0 0.0
0.0 0.0 1.0 0.0 1.0 0.0 1.0 1.0 0.0 1.0
0.0 1.0 1.0 1.0 0.0 1.0 1.0 0.0 1.0 0.0
1.0 0.0 0.0 0.0 1.0 1.0 0.0 0.0 0.0 1.0
0.0 1.0 0.0 0.0 1.0 1.0 1.0 1.0 0.0 0.0
1.0 0.0 1.0 1.0 1.0 1.0 1.0 0.0 1.0 0.0
0.0 0.0 0.0 1.0 1.0 1.0 0.0 0.0 1.0 1.0
1.0 0.0 0.0 0.0 0.0 1.0 0.0 0.0 1.0 1.0
0.0 0.0 0.0 0.0 1.0 1.0 1.0 1.0 1.0 0.0
0.0 1.0 0.0 1.0 1.0 1.0 0.0 1.0 0.0 0.0
1.0 1.0 1.0 1.0 0.0 1.0 0.0 1.0 0.0 0.0
0.0 1.0 0.0 1.0 1.0 0.0 0.0 1.0 1.0 0.0
0.0 1.0 0.0 1.0 0.0 1.0 0.0 0.0 0.0 1.0
0.0 0.0 1.0 0.0 0.0 1.0 0.0 0.0 1.0 1.0
0.0 1.0 1.0 1.0 1.0 1.0 1.0 1.0 0.0 0.0
0.0 1.0 1.0 1.0 1.0 1.0 0.0 1.0 1.0 0.0
1.0 1.0 1.0 1.0 1.0 0.0 1.0 1.0 0.0 0.0
1.0 1.0 1.0 0.0 1.0 0.0 0.0 1.0 0.0 0.0
0.0 0.0 0.0 1.0 0.0 0.0 0.0 0.0 1.0 0.0
0.0 1.0 0.0 1.0 1.0 0.0 0.0 0.0 1.0 1.0
0.0 0.0 1.0 0.0 0.0 1.0 1.0 0.0 0.0 1.0
0.0 0.0 1.0 1.0 1.0 0.0 1.0 1.0 1.0 0.0
0.0 1.0 1.0 1.0 0.0 1.0 1.0 1.0 0.0 0.0
1.0 1.0 1.0 0.0 1.0 1.0 1.0 0.0 0.0 0.0
0.0 1.0 0.0 0.0 1.0 0.0 1.0 1.0 0.0 1.0
0.0 0.0 0.0 0.0 0.0 1.0 0.0 1.0 1.0 1.0
0.0 0.0 0.0 0.0 0.0 1.0 0.0 0.0 1.0 0.0
0.0 1.0 0.0 1.0 0.0 0.0 0.0 1.0 1.0 0.0
0.0 1.0 1.0 0.0 0.0 0.0 1.0 1.0 1.0 0.0
1.0 1.0 1.0 0.0 0.0 0.0 1.0 1.0 1.0 0.0
0.0 1.0 1.0 1.0 0.0 0.0 0.0 0.0 0.0 1.0
0.0 1.0 0.0 1.0 1.0 1.0 1.0 0.0 0.0 0.0
0.0 0.0 0.0 0.0 0.0 0.0 0.0 0.0 1.0 0.0
1.0 1.0 1.0 1.0 1.0 0.0 1.0 0.0 0.0 0.0
1.0 0.0 0.0 1.0 1.0 0.0 1.0 1.0 1.0 0.0
0.0 1.0 1.0 0.0 1.0 1.0 0.0 1.0 1.0 0.0
1.0 1.0 1.0 1.0 1.0 0.0 1.0 1.0 1.0 0.0
1.0 1.0 0.0 1.0 0.0 1.0 1.0 1.0 1.0 0.0
1.0 0.0 0.0 0.0 0.0 0.0 1.0 1.0 1.0 0.0
0.0 1.0 1.0 0.0 0.0 1.0 1.0 1.0 1.0 0.0
1.0 1.0 0.0 1.0 0.0 0.0 1.0 0.0 1.0 0.0
0.0 1.0 1.0 0.0 1.0 1.0 0.0 0.0 0.0 1.0
1.0 0.0 0.0 1.0 1.0 1.0 0.0 0.0 1.0 0.0
0.0 0.0 0.0 0.0 0.0 1.0 0.0 1.0 0.0 0.0
0.0 1.0 1.0 1.0 1.0 0.0 1.0 1.0 1.0 0.0
1.0 1.0 0.0 1.0 0.0 0.0 1.0 1.0 0.0 0.0
1.0 1.0 0.0 1.0 1.0 1.0 1.0 1.0 1.0 0.0
1.0 1.0 0.0 1.0 1.0 1.0 0.0 0.0 0.0 0.0
0.0 0.0 1.0 1.0 1.0 0.0 0.0 1.0 1.0 0.0
1.0 0.0 0.0 0.0 1.0 0.0 1.0 0.0 1.0 1.0
0.0 1.0 1.0 1.0 0.0 0.0 0.0 0.0 1.0 0.0
1.0 1.0 1.0 0.0 0.0 1.0 0.0 1.0 1.0 0.0
0.0 0.0 0.0 1.0 1.0 0.0 0.0 1.0 0.0 1.0
0.0 0.0 1.0 0.0 1.0 0.0 1.0 0.0 1.0 1.0
0.0 1.0 1.0 1.0 0.0 0.0 1.0 1.0 0.0 0.0
0.0 1.0 0.0 0.0 0.0 0.0 1.0 0.0 1.0 1.0
1.0 1.0 0.0 0.0 1.0 1.0 1.0 1.0 1.0 0.0
1.0 0.0 1.0 1.0 0.0 1.0 1.0 1.0 0.0 0.0
1.0 1.0 1.0 0.0 0.0 0.0 1.0 0.0 0.0 0.0
0.0 0.0 1.0 0.0 1.0 1.0 0.0 0.0 1.0 1.0
1.0 1.0 0.0 1.0 1.0 1.0 1.0 0.0 0.0 0.0
1.0 1.0 0.0 1.0 0.0 1.0 1.0 1.0 0.0 0.0
0.0 0.0 1.0 1.0 0.0 1.0 1.0 1.0 1.0 0.0
1.0 0.0 1.0 1.0 1.0 0.0 0.0 0.0 1.0 0.0
1.0 0.0 1.0 1.0 0.0 0.0 1.0 1.0 1.0 0.0
0.0 0.0 1.0 1.0 0.0 1.0 0.0 1.0 1.0 0.0
1.0 0.0 1.0 1.0 1.0 1.0 0.0 0.0 0.0 0.0
1.0 0.0 1.0 0.0 1.0 1.0 0.0 1.0 0.0 0.0
0.0 0.0 1.0 1.0 1.0 1.0 0.0 0.0 1.0 0.0
0.0 1.0 0.0 1.0 0.0 1.0 1.0 0.0 0.0 0.0
1.0 1.0 0.0 1.0 1.0 1.0 0.0 0.0 1.0 0.0
1.0 0.0 0.0 0.0 1.0 0.0 0.0 0.0 1.0 1.0
0.0 0.0 0.0 1.0 0.0 1.0 0.0 1.0 1.0 0.0
0.0 0.0 0.0 1.0 1.0 0.0 1.0 0.0 0.0 1.0
0.0 0.0 1.0 0.0 0.0 0.0 1.0 1.0 0.0 1.0
1.0 1.0 1.0 0.0 0.0 0.0 0.0 1.0 1.0 0.0
1.0 0.0 1.0 0.0 1.0 0.0 1.0 1.0 1.0 0.0
1.0 1.0 1.0 0.0 0.0 0.0 0.0 0.0 0.0 1.0
0.0 1.0 1.0 0.0 1.0 0.0 0.0 1.0 1.0 0.0
1.0 1.0 0.0 0.0 1.0 0.0 1.0 0.0 1.0 0.0
0.0 1.0 1.0 1.0 0.0 0.0 1.0 1.0 1.0 0.0
1.0 0.0 1.0 1.0 0.0 0.0 1.0 0.0 0.0 0.0
0.0 1.0 1.0 0.0 0.0 0.0 0.0 0.0 1.0 1.0
0.0 1.0 0.0 1.0 0.0 0.0 0.0 1.0 0.0 1.0
0.0 1.0 0.0 0.0 0.0 0.0 0.0 1.0 1.0 1.0
1.0 0.0 0.0 1.0 1.0 1.0 1.0 1.0 0.0 0.0
1.0 0.0 0.0 1.0 1.0 0.0 1.0 0.0 1.0 0.0
1.0 1.0 0.0 1.0 0.0 0.0 1.0 1.0 1.0 0.0
0.0 1.0 0.0 0.0 1.0 1.0 0.0 0.0 0.0 1.0
1.0 1.0 0.0 0.0 1.0 0.0 1.0 0.0 0.0 1.0
0.0 1.0 1.0 0.0 0.0 1.0 0.0 0.0 0.0 1.0
1.0 1.0 1.0 0.0 0.0 1.0 1.0 0.0 0.0 0.0
1.0 0.0 0.0 0.0 0.0 1.0 1.0 0.0 1.0 0.0
0.0 1.0 1.0 1.0 0.0 1.0 0.0 1.0 0.0 0.0
0.0 0.0 1.0 0.0 0.0 0.0 1.0 0.0 1.0 1.0
0.0 0.0 0.0 0.0 1.0 1.0 1.0 0.0 0.0 1.0
1.0 0.0 0.0 1.0 0.0 1.0 0.0 1.0 1.0 0.0
0.0 0.0 0.0 1.0 0.0 1.0 0.0 0.0 1.0 1.0
0.0 0.0 1.0 0.0 1.0 0.0 0.0 1.0 1.0 1.0
0.0 1.0 1.0 0.0 1.0 0.0 0.0 0.0 1.0 1.0
0.0 1.0 0.0 1.0 1.0 0.0 1.0 1.0 1.0 0.0
1.0 1.0 1.0 0.0 0.0 1.0 0.0 0.0 0.0 0.0
1.0 1.0 1.0 1.0 1.0 1.0 0.0 0.0 0.0 0.0
1.0 1.0 1.0 0.0 1.0 1.0 1.0 1.0 1.0 0.0
0.0 0.0 0.0 1.0 1.0 1.0 1.0 0.0 0.0 1.0
0.0 0.0 0.0 1.0 1.0 0.0 0.0 0.0 1.0 1.0
1.0 1.0 1.0 0.0 0.0 1.0 0.0 1.0 0.0 0.0
1.0 0.0 0.0 0.0 0.0 1.0 0.0 1.0 0.0 1.0
0.0 0.0 1.0 1.0 0.0 0.0 0.0 1.0 1.0 0.0
1.0 1.0 1.0 1.0 0.0 0.0 0.0 0.0 1.0 0.0
0.0 1.0 0.0 1.0 1.0 1.0 0.0 1.0 1.0 0.0
0.0 1.0 1.0 1.0 1.0 0.0 1.0 0.0 0.0 0.0
0.0 0.0 1.0 1.0 1.0 1.0 1.0 1.0 1.0 0.0
0.0 0.0 0.0 1.0 1.0 0.0 1.0 1.0 1.0 0.0
0.0 0.0 1.0 1.0 0.0 0.0 1.0 1.0 0.0 0.0
0.0 0.0 0.0 1.0 0.0 0.0 1.0 0.0 0.0 0.0
0.0 0.0 1.0 0.0 0.0 0.0 0.0 0.0 0.0 0.0
1.0 1.0 1.0 1.0 0.0 0.0 0.0 1.0 0.0 0.0
0.0 0.0 1.0 0.0 1.0 1.0 1.0 0.0 0.0 1.0
1.0 0.0 1.0 0.0 1.0 0.0 0.0 0.0 1.0 1.0
1.0 1.0 0.0 1.0 1.0 1.0 0.0 1.0 1.0 0.0
1.0 0.0 1.0 1.0 0.0 1.0 1.0 0.0 1.0 0.0
0.0 0.0 1.0 0.0 1.0 0.0 0.0 0.0 0.0 0.0
0.0 0.0 1.0 0.0 1.0 1.0 1.0 1.0 1.0 0.0