# 256 of 1
# 256 of 0
1.0 0.0 0.0 1.0 1.0 1.0 1.0 1.0 0.0 1.0
0.0 0.0 0.0 1.0 1.0 0.0 1.0 0.0 1.0 1.0
0.0 0.0 0.0 1.0 0.0 1.0 0.0 1.0 0.0 1.0
0.0 0.0 1.0 0.0 1.0 1.0 1.0 0.0 0.0 1.0
0.0 1.0 1.0 1.0 1.0 1.0 0.0 0.0 1.0 1.0
1.0 1.0 1.0 1.0 1.0 1.0 0.0 1.0 0.0 0.0
1.0 1.0 1.0 1.0 1.0 0.0 1.0 0.0 1.0 0.0
1.0 1.0 0.0 1.0 0.0 0.0 0.0 1.0 1.0 1.0
1.0 0.0 0.0 0.0 0.0 1.0 1.0 1.0 1.0 1.0
0.0 0.0 1.0 0.0 1.0 0.0 1.0 1.0 1.0 0.0
0.0 1.0 1.0 1.0 0.0 0.0 1.0 1.0 0.0 1.0
1.0 1.0 1.0 0.0 0.0 1.0 1.0 0.0 1.0 0.0
1.0 1.0 0.0 0.0 1.0 0.0 0.0 1.0 1.0 0.0
1.0 0.0 0.0 1.0 0.0 0.0 1.0 1.0 1.0 1.0
0.0 0.0 1.0 0.0 0.0 1.0 1.0 1.0 1.0 1.0
0.0 1.0 1.0 0.0 1.0 0.0 1.0 1.0 1.0 1.0
1.0 1.0 1.0 1.0 0.0 1.0 1.0 1.0 1.0 0.0
1.0 1.0 1.0 0.0 1.0 0.0 1.0 1.0 1.0 0.0
1.0 1.0 0.0 1.0 0.0 0.0 1.0 1.0 1.0 0.0
1.0 0.0 0.0 0.0 0.0 0.0 1.0 1.0 1.0 0.0
0.0 0.0 1.0 0.0 0.0 1.0 1.0 1.0 0.0 0.0
0.0 1.0 1.0 0.0 1.0 0.0 1.0 0.0 1.0 0.0
1.0 1.0 1.0 1.0 0.0 0.0 0.0 1.0 1.0 0.0
1.0 1.0 1.0 0.0 0.0 1.0 1.0 1.0 1.0 1.0
1.0 1.0 0.0 0.0 1.0 1.0 1.0 1.0 1.0 0.0
1.0 1.0 0.0 1.0 0.0 1.0 0.0 1.0 1.0 0.0
1.0 0.0 1.0 0.0 1.0 0.0 1.0 1.0 1.0 1.0
0.0 1.0 1.0 1.0 0.0 0.0 1.0 1.0 1.0 0.0
1.0 1.0 0.0 1.0 0.0 1.0 1.0 1.0 1.0 1.0
1.0 0.0 0.0 0.0 1.0 1.0 1.0 1.0 0.0 0.0
0.0 0.0 1.0 1.0 1.0 1.0 1.0 0.0 1.0 1.0
0.0 1.0 0.0 1.0 1.0 1.0 0.0 1.0 1.0 1.0
1.0 0.0 0.0 1.0 1.0 0.0 1.0 1.0 1.0 1.0
0.0 0.0 1.0 1.0 0.0 1.0 1.0 1.0 1.0 0.0
0.0 1.0 0.0 0.0 1.0 1.0 1.0 1.0 0.0 0.0
1.0 0.0 0.0 1.0 1.0 1.0 1.0 0.0 1.0 1.0
0.0 0.0 1.0 1.0 1.0 1.0 0.0 1.0 1.0 1.0
0.0 1.0 0.0 1.0 1.0 1.0 1.0 1.0 0.0 1.0
1.0 0.0 1.0 1.0 1.0 1.0 1.0 0.0 0.0 1.0
0.0 1.0 0.0 1.0 1.0 1.0 0.0 0.0 1.0 0.0
1.0 0.0 0.0 1.0 1.0 1.0 0.0 1.0 0.0 0.0
0.0 0.0 0.0 1.0 1.0 1.0 1.0 0.0 1.0 0.0
0.0 0.0 1.0 1.0 1.0 0.0 0.0 1.0 1.0 0.0
0.0 1.0 0.0 1.0 0.0 1.0 1.0 1.0 0.0 1.0
1.0 0.0 0.0 0.0 1.0 1.0 1.0 0.0 1.0 0.0
0.0 1.0 1.0 1.0 1.0 1.0 1.0 1.0 0.0 0.0
1.0 1.0 0.0 1.0 0.0 1.0 1.0 1.0 0.0 0.0
1.0 0.0 1.0 0.0 1.0 1.0 1.0 0.0 0.0 0.0
1.0 0.0 0.0 1.0 1.0 1.0 0.0 1.0 1.0 1.0
0.0 0.0 1.0 1.0 1.0 1.0 1.0 1.0 0.0 1.0
0.0 1.0 0.0 1.0 1.0 1.0 1.0 0.0 0.0 0.0
1.0 0.0 1.0 1.0 1.0 1.0 0.0 0.0 0.0 0.0
0.0 1.0 1.0 1.0 1.0 0.0 0.0 0.0 1.0 0.0
1.0 1.0 1.0 1.0 0.0 1.0 0.0 1.0 0.0 0.0
1.0 1.0 1.0 0.0 1.0 1.0 1.0 0.0 0.0 1.0
1.0 1.0 0.0 1.0 1.0 1.0 0.0 0.0 0.0 0.0
1.0 0.0 1.0 1.0 1.0 1.0 0.0 0.0 1.0 1.0
0.0 1.0 1.0 1.0 1.0 0.0 0.0 1.0 1.0 1.0
1.0 1.0 1.0 0.0 1.0 1.0 1.0 1.0 1.0 1.0
1.0 1.0 1.0 1.0 1.0 0.0 1.0 1.0 0.0 0.0
1.0 1.0 1.0 1.0 0.0 0.0 1.0 0.0 1.0 0.0
1.0 1.0 1.0 0.0 0.0 1.0 0.0 1.0 1.0 0.0
1.0 1.0 1.0 1.0 0.0 1.0 1.0 1.0 0.0 1.0
1.0 1.0 0.0 0.0 1.0 1.0 1.0 0.0 0.0 0.0
1.0 0.0 1.0 1.0 1.0 0.0 0.0 0.0 0.0 1.0
0.0 1.0 1.0 1.0 0.0 1.0 0.0 0.0 0.0 0.0
1.0 1.0 1.0 0.0 1.0 1.0 0.0 0.0 1.0 1.0
1.0 1.0 1.0 1.0 1.0 0.0 0.0 1.0 1.0 0.0
1.0 0.0 1.0 1.0 1.0 0.0 1.0 1.0 0.0 1.0
0.0 1.0 1.0 1.0 0.0 0.0 1.0 0.0 0.0 0.0
1.0 1.0 1.0 0.0 0.0 1.0 0.0 0.0 0.0 0.0
1.0 1.0 1.0 1.0 0.0 0.0 1.0 1.0 1.0 1.0
1.0 1.0 1.0 0.0 0.0 0.0 1.0 1.0 0.0 1.0
1.0 1.0 0.0 0.0 0.0 1.0 1.0 0.0 1.0 1.0
1.0 0.0 1.0 0.0 1.0 0.0 0.0 1.0 0.0 1.0
0.0 1.0 1.0 1.0 0.0 0.0 1.0 0.0 1.0 1.0
1.0 1.0 1.0 0.0 0.0 0.0 0.0 1.0 1.0 1.0
1.0 1.0 1.0 0.0 0.0 1.0 1.0 1.0 0.0 0.0
1.0 1.0 0.0 0.0 1.0 1.0 1.0 0.0 1.0 1.0
1.0 0.0 1.0 1.0 1.0 1.0 0.0 1.0 1.0 0.0
1.0 1.0 0.0 1.0 1.0 0.0 1.0 0.0 1.0 1.0
1.0 0.0 0.0 1.0 0.0 1.0 0.0 1.0 1.0 1.0
0.0 0.0 1.0 0.0 1.0 1.0 1.0 1.0 1.0 1.0
0.0 1.0 0.0 1.0 1.0 1.0 1.0 1.0 1.0 0.0
1.0 0.0 1.0 1.0 1.0 0.0 1.0 1.0 1.0 0.0
1.0 1.0 0.0 0.0 0.0 0.0 1.0 1.0 1.0 1.0
1.0 0.0 1.0 0.0 0.0 0.0 1.0 1.0 1.0 1.0
0.0 1.0 1.0 0.0 0.0 1.0 1.0 1.0 1.0 0.0
1.0 1.0 0.0 1.0 1.0 0.0 1.0 1.0 1.0 0.0
1.0 0.0 0.0 1.0 0.0 0.0 1.0 1.0 0.0 0.0
0.0 0.0 1.0 0.0 0.0 0.0 1.0 0.0 0.0 0.0
0.0 1.0 1.0 0.0 0.0 1.0 0.0 0.0 0.0 1.0
1.0 1.0 0.0 0.0 1.0 1.0 0.0 0.0 0.0 1.0
1.0 0.0 0.0 1.0 1.0 1.0 0.0 0.0 0.0 1.0
0.0 0.0 0.0 1.0 1.0 0.0 0.0 0.0 0.0 1.0
0.0 0.0 1.0 1.0 0.0 1.0 0.0 0.0 0.0 1.0
0.0 1.0 0.0 0.0 1.0 0.0 0.0 0.0 1.0 0.0
0.0 0.0 0.0 0.0 1.0 1.0 1.0 1.0 1.0 0.0
0.0 0.0 1.0 1.0 1.0 0.0 1.0 1.0 1.0 1.0
0.0 1.0 1.0 1.0 0.0 1.0 1.0 1.0 1.0 1.0
1.0 1.0 0.0 1.0 0.0 1.0 1.0 0.0 1.0 0.0
1.0 0.0 1.0 0.0 1.0 1.0 0.0 1.0 1.0 1.0
0.0 1.0 1.0 1.0 1.0 1.0 1.0 1.0 1.0 1.0
1.0 1.0 1.0 1.0 1.0 1.0 1.0 1.0 1.0 0.0
1.0 1.0 0.0 1.0 1.0 1.0 1.0 1.0 1.0 1.0
1.0 0.0 0.0 1.0 1.0 1.0 1.0 1.0 1.0 0.0
0.0 0.0 0.0 1.0 1.0 1.0 1.0 1.0 1.0 1.0
0.0 0.0 1.0 1.0 1.0 1.0 1.0 1.0 1.0 0.0
1.0 1.0 0.0 1.0 1.0 1.0 1.0 0.0 0.0 1.0
1.0 0.0 0.0 1.0 1.0 0.0 0.0 0.0 1.0 1.0
0.0 0.0 0.0 1.0 0.0 0.0 0.0 1.0 0.0 0.0
0.0 0.0 1.0 0.0 0.0 0.0 1.0 0.0 1.0 1.0
0.0 1.0 1.0 0.0 0.0 0.0 0.0 1.0 1.0 0.0
1.0 1.0 1.0 0.0 0.0 0.0 1.0 1.0 1.0 0.0
1.0 1.0 0.0 0.0 0.0 0.0 1.0 1.0 0.0 0.0
1.0 0.0 1.0 0.0 0.0 0.0 1.0 0.0 1.0 0.0
0.0 1.0 0.0 0.0 0.0 1.0 0.0 1.0 0.0 1.0
1.0 0.0 1.0 0.0 1.0 1.0 1.0 0.0 1.0 1.0
0.0 1.0 1.0 1.0 1.0 1.0 0.0 1.0 1.0 0.0
1.0 0.0 1.0 1.0 1.0 1.0 1.0 1.0 1.0 1.0
1.0 0.0 1.0 1.0 0.0 1.0 1.0 1.0 1.0 1.0
0.0 1.0 1.0 0.0 1.0 1.0 1.0 1.0 1.0 0.0
1.0 1.0 1.0 1.0 1.0 1.0 1.0 1.0 0.0 1.0
1.0 1.0 1.0 1.0 1.0 1.0 1.0 0.0 0.0 0.0
1.0 1.0 1.0 1.0 1.0 1.0 0.0 0.0 0.0 1.0
1.0 1.0 1.0 1.0 1.0 1.0 0.0 0.0 1.0 0.0
1.0 1.0 1.0 1.0 1.0 1.0 0.0 1.0 1.0 1.0
1.0 1.0 1.0 1.0 0.0 0.0 0.0 0.0 1.0 1.0
1.0 1.0 0.0 0.0 0.0 1.0 0.0 1.0 1.0 1.0
1.0 0.0 0.0 0.0 1.0 0.0 1.0 1.0 1.0 0.0
0.0 0.0 0.0 1.0 0.0 1.0 1.0 1.0 0.0 0.0
0.0 0.0 0.0 0.0 1.0 1.0 1.0 0.0 1.0 1.0
0.0 0.0 0.0 1.0 1.0 1.0 0.0 1.0 0.0 1.0
0.0 0.0 0.0 1.0 1.0 0.0 1.0 0.0 0.0 0.0
0.0 0.0 0.0 1.0 0.0 1.0 0.0 0.0 0.0 0.0
0.0 0.0 1.0 0.0 1.0 0.0 0.0 0.0 1.0 0.0
0.0 1.0 1.0 1.0 0.0 1.0 0.0 1.0 1.0 0.0
1.0 1.0 0.0 1.0 1.0 1.0 1.0 1.0 0.0 0.0
1.0 0.0 1.0 1.0 1.0 1.0 1.0 0.0 1.0 0.0
0.0 1.0 1.0 1.0 1.0 1.0 0.0 1.0 0.0 1.0
1.0 1.0 1.0 1.0 1.0 1.0 1.0 0.0 1.0 1.0
1.0 1.0 1.0 1.0 1.0 0.0 1.0 0.0 0.0 1.0
1.0 1.0 1.0 1.0 0.0 0.0 0.0 0.0 0.0 0.0
1.0 1.0 1.0 0.0 0.0 0.0 0.0 0.0 1.0 0.0
1.0 1.0 1.0 0.0 1.0 1.0 1.0 1.0 0.0 0.0
1.0 0.0 0.0 0.0 0.0 1.0 1.0 0.0 1.0 0.0
0.0 0.0 1.0 0.0 1.0 1.0 0.0 1.0 1.0 0.0
1.0 0.0 1.0 1.0 1.0 0.0 1.0 0.0 1.0 1.0
0.0 1.0 0.0 0.0 0.0 1.0 1.0 1.0 0.0 0.0
1.0 1.0 1.0 1.0 1.0 0.0 1.0 1.0 1.0 1.0
1.0 1.0 1.0 0.0 1.0 0.0 1.0 1.0 0.0 1.0
1.0 1.0 1.0 1.0 0.0 1.0 1.0 0.0 1.0 1.0
1.0 1.0 1.0 0.0 1.0 0.0 0.0 1.0 1.0 1.0
0.0 0.0 0.0 0.0 0.0 1.0 1.0 1.0 0.0 1.0
0.0 0.0 1.0 0.0 1.0 1.0 1.0 0.0 1.0 0.0
1.0 1.0 0.0 1.0 0.0 0.0 1.0 1.0 0.0 1.0
1.0 1.0 0.0 1.0 0.0 1.0 1.0 0.0 0.0 1.0
1.0 0.0 1.0 0.0 1.0 1.0 0.0 0.0 0.0 1.0
0.0 1.0 0.0 1.0 1.0 1.0 0.0 0.0 0.0 1.0
1.0 0.0 0.0 1.0 1.0 1.0 0.0 0.0 1.0 0.0
0.0 0.0 0.0 1.0 1.0 1.0 0.0 1.0 1.0 0.0
0.0 1.0 1.0 1.0 0.0 1.0 1.0 1.0 0.0 0.0
1.0 1.0 1.0 0.0 1.0 1.0 1.0 0.0 1.0 0.0
1.0 1.0 0.0 1.0 1.0 1.0 1.0 0.0 1.0 0.0
0.0 1.0 0.0 1.0 1.0 0.0 1.0 1.0 0.0 0.0
1.0 0.0 1.0 1.0 0.0 1.0 1.0 0.0 1.0 0.0
0.0 1.0 0.0 0.0 1.0 1.0 0.0 1.0 1.0 0.0
1.0 0.0 0.0 1.0 1.0 0.0 0.0 1.0 1.0 0.0
1.0 1.0 0.0 1.0 1.0 0.0 1.0 0.0 0.0 0.0
1.0 0.0 1.0 1.0 0.0 0.0 0.0 0.0 0.0 1.0
0.0 1.0 1.0 0.0 0.0 0.0 0.0 0.0 1.0 1.0
1.0 1.0 1.0 0.0 0.0 0.0 0.0 1.0 0.0 0.0
1.0 1.0 1.0 0.0 1.0 1.0 0.0 1.0 0.0 1.0
1.0 0.0 1.0 1.0 1.0 0.0 0.0 1.0 0.0 0.0
0.0 1.0 1.0 1.0 0.0 1.0 1.0 0.0 0.0 1.0
0.0 0.0 0.0 0.0 0.0 1.0 1.0 1.0 1.0 0.0
0.0 0.0 0.0 0.0 1.0 0.0 1.0 1.0 1.0 1.0
0.0 0.0 1.0 1.0 0.0 1.0 1.0 1.0 0.0 1.0
0.0 1.0 1.0 0.0 1.0 0.0 1.0 0.0 0.0 1.0
1.0 1.0 1.0 1.0 0.0 1.0 0.0 0.0 1.0 0.0
1.0 0.0 1.0 1.0 0.0 0.0 1.0 1.0 0.0 1.0
0.0 1.0 1.0 0.0 0.0 1.0 1.0 0.0 1.0 1.0
0.0 0.0 0.0 1.0 1.0 1.0 1.0 0.0 0.0 1.0
0.0 0.0 1.0 1.0 1.0 1.0 0.0 0.0 0.0 1.0
0.0 1.0 0.0 1.0 0.0 0.0 1.0 0.0 0.0 1.0
1.0 0.0 1.0 0.0 0.0 1.0 0.0 0.0 1.0 0.0
1.0 0.0 0.0 1.0 1.0 0.0 1.0 1.0 0.0 0.0
0.0 0.0 1.0 1.0 0.0 1.0 1.0 0.0 0.0 0.0
0.0 1.0 1.0 0.0 1.0 0.0 0.0 0.0 0.0 0.0
1.0 1.0 1.0 0.0 1.0 1.0 0.0 1.0 1.0 0.0
0.0 1.0 1.0 1.0 1.0 0.0 0.0 0.0 0.0 1.0
1.0 1.0 0.0 0.0 1.0 0.0 1.0 1.0 1.0 1.0
0.0 0.0 1.0 0.0 0.0 1.0 1.0 0.0 1.0 0.0
0.0 1.0 1.0 0.0 1.0 1.0 0.0 1.0 1.0 1.0
0.0 1.0 0.0 0.0 0.0 0.0 1.0 0.0 1.0 1.0
1.0 0.0 1.0 0.0 0.0 1.0 0.0 1.0 1.0 1.0
0.0 1.0 1.0 0.0 1.0 1.0 1.0 1.0 0.0 1.0
1.0 0.0 0.0 1.0 0.0 1.0 0.0 0.0 1.0 0.0
0.0 0.0 1.0 0.0 1.0 1.0 0.0 1.0 0.0 1.0
1.0 1.0 1.0 0.0 1.0 1.0 0.0 0.0 0.0 0.0
1.0 0.0 1.0 1.0 0.0 0.0 0.0 1.0 1.0 1.0
0.0 1.0 1.0 0.0 0.0 0.0 1.0 1.0 1.0 1.0
0.0 1.0 0.0 1.0 1.0 1.0 1.0 0.0 1.0 1.0
0.0 0.0 0.0 1.0 0.0 1.0 1.0 1.0 1.0 1.0
0.0 1.0 1.0 1.0 1.0 0.0 1.0 1.0 1.0 0.0
1.0 0.0 1.0 0.0 0.0 1.0 1.0 1.0 0.0 1.0
1.0 1.0 1.0 1.0 0.0 0.0 0.0 1.0 0.0 1.0
1.0 1.0 0.0 0.0 0.0 0.0 1.0 0.0 1.0 0.0
1.0 0.0 1.0 0.0 0.0 0.0 0.0 1.0 1.0 0.0
1.0 0.0 0.0 0.0 1.0 1.0 1.0 0.0 0.0 1.0
0.0 0.0 0.0 1.0 1.0 1.0 0.0 0.0 1.0 1.0
1.0 1.0 1.0 1.0 0.0 1.0 0.0 0.0 0.0 1.0
0.0 0.0 1.0 1.0 1.0 0.0 0.0 0.0 1.0 1.0
0.0 1.0 0.0 1.0 0.0 1.0 0.0 1.0 1.0 1.0
0.0 0.0 0.0 0.0 1.0 1.0 1.0 0.0 0.0 0.0
0.0 0.0 1.0 1.0 1.0 1.0 0.0 1.0 0.0 0.0
0.0 1.0 1.0 1.0 1.0 0.0 1.0 0.0 1.0 1.0
1.0 1.0 0.0 1.0 0.0 1.0 0.0 1.0 0.0 1.0
1.0 1.0 1.0 0.0 0.0 1.0 0.0 0.0 1.0 1.0
1.0 0.0 1.0 0.0 0.0 0.0 1.0 1.0 0.0 0.0
0.0 1.0 1.0 0.0 0.0 0.0 1.0 0.0 0.0 1.0
1.0 1.0 1.0 1.0 0.0 0.0 1.0 1.0 0.0 0.0
1.0 1.0 1.0 0.0 0.0 0.0 1.0 0.0 0.0 0.0
1.0 1.0 0.0 0.0 0.0 1.0 0.0 0.0 0.0 1.0
1.0 0.0 1.0 1.0 1.0 0.0 0.0 1.0 1.0 1.0
1.0 1.0 1.0 0.0 0.0 1.0 1.0 0.0 0.0 1.0
1.0 1.0 1.0 0.0 1.0 0.0 0.0 0.0 1.0 0.0
1.0 0.0 1.0 0.0 1.0 0.0 1.0 1.0 0.0 0.0
1.0 0.0 0.0 1.0 0.0 0.0 1.0 0.0 1.0 0.0
0.0 0.0 1.0 0.0 0.0 1.0 0.0 1.0 1.0 0.0
1.0 0.0 0.0 0.0 1.0 1.0 0.0 1.0 0.0 1.0
0.0 0.0 0.0 1.0 0.0 0.0 0.0 0.0 0.0 1.0
0.0 0.0 1.0 0.0 0.0 1.0 0.0 0.0 1.0 1.0
1.0 0.0 0.0 1.0 1.0 0.0 0.0 0.0 0.0 0.0
0.0 0.0 0.0 1.0 0.0 0.0 0.0 0.0 1.0 0.0
0.0 0.0 1.0 0.0 0.0 0.0 0.0 1.0 0.0 0.0
0.0 1.0 1.0 0.0 0.0 0.0 1.0 0.0 1.0 0.0
0.0 0.0 1.0 1.0 0.0 0.0 1.0 0.0 1.0 0.0
0.0 1.0 0.0 1.0 1.0 0.0 0.0 1.0 0.0 1.0
1.0 0.0 0.0 1.0 0.0 1.0 1.0 0.0 1.0 1.0
1.0 0.0 1.0 1.0 0.0 1.0 0.0 1.0 1.0 0.0
1.0 0.0 0.0 0.0 0.0 0.0 1.0 1.0 0.0 1.0
0.0 1.0 1.0 0.0 1.0 1.0 0.0 1.0 0.0 0.0
1.0 1.0 1.0 1.0 0.0 0.0 1.0 0.0 0.0 1.0
1.0 1.0 0.0 0.0 0.0 0.0 0.0 0.0 1.0 1.0
1.0 0.0 0.0 0.0 0.0 1.0 0.0 1.0 1.0 0.0
1.0 0.0 0.0 1.0 0.0 1.0 0.0 1.0 0.0 0.0
0.0 0.0 1.0 0.0 1.0 0.0 1.0 0.0 1.0 1.0
1.0 1.0 0.0 0.0 1.0 0.0 1.0 1.0 0.0 0.0
1.0 0.0 1.0 0.0 1.0 1.0 1.0 1.0 1.0 0.0
0.0 1.0 1.0 0.0 1.0 0.0 0.0 0.0 1.0 1.0
1.0 1.0 1.0 1.0 0.0 1.0 0.0 1.0 1.0 1.0
0.0 0.0 0.0 0.0 0.0 1.0 1.0 0.0 1.0 1.0
0.0 1.0 0.0 1.0 0.0 1.0 1.0 0.0 1.0 1.0
0.0 1.0 0.0 1.0 1.0 0.0 1.0 1.0 1.0 1.0
1.0 1.0 0.0 1.0 0.0 0.0 0.0 0.0 0.0 1.0
1.0 0.0 1.0 0.0 0.0 0.0 0.0 0.0 1.0 1.0
0.0 0.0 1.0 1.0 0.0 1.0 1.0 0.0 1.0 1.0
1.0 1.0 1.0 0.0 1.0 0.0 0.0 1.0 0.0 0.0
1.0 1.0 1.0 1.0 1.0 0.0 0.0 1.0 0.0 1.0
1.0 1.0 0.0 1.0 0.0 0.0 1.0 0.0 1.0 1.0
1.0 0.0 0.0 0.0 0.0 0.0 0.0 1.0 1.0 1.0
1.0 1.0 0.0 1.0 1.0 0.0 0.0 1.0 1.0 1.0
1.0 0.0 1.0 1.0 0.0 1.0 1.0 1.0 0.0 0.0
0.0 1.0 1.0 0.0 1.0 1.0 1.0 0.0 1.0 1.0
1.0 1.0 0.0 1.0 1.0 1.0 0.0 1.0 0.0 1.0
0.0 0.0 1.0 1.0 0.0 1.0 0.0 1.0 1.0 1.0
0.0 1.0 0.0 0.0 1.0 0.0 1.0 1.0 0.0 1.0
0.0 1.0 1.0 0.0 1.0 0.0 0.0 1.0 1.0 0.0
1.0 1.0 0.0 0.0 1.0 0.0 1.0 0.0 0.0 1.0
0.0 0.0 0.0 0.0 1.0 1.0 0.0 1.0 1.0 1.0
0.0 1.0 1.0 1.0 1.0 0.0 1.0 1.0 0.0 1.0
1.0 1.0 0.0 0.0 1.0 1.0 0.0 1.0 0.0 0.0
0.0 1.0 0.0 0.0 1.0 1.0 1.0 0.0 1.0 0.0
0.0 1.0 0.0 1.0 0.0 0.0 1.0 1.0 1.0 1.0
1.0 1.0 0.0 1.0 0.0 1.0 0.0 0.0 1.0 1.0
1.0 1.0 0.0 0.0 0.0 1.0 1.0 1.0 1.0 0.0
0.0 1.0 1.0 1.0 1.0 1.0 1.0 0.0 0.0 1.0
0.0 1.0 1.0 1.0 0.0 1.0 0.0 0.0 1.0 1.0
1.0 1.0 0.0 0.0 1.0 1.0 0.0 1.0 1.0 1.0
1.0 0.0 1.0 1.0 1.0 0.0 1.0 0.0 0.0 0.0
0.0 1.0 1.0 1.0 0.0 0.0 0.0 0.0 1.0 0.0
1.0 1.0 1.0 0.0 0.0 1.0 0.0 1.0 0.0 1.0
1.0 1.0 0.0 1.0 1.0 0.0 0.0 1.0 0.0 0.0
1.0 0.0 0.0 1.0 0.0 0.0 1.0 0.0 0.0 1.0
0.0 1.0 1.0 0.0 1.0 1.0 0.0 0.0 0.0 1.0
1.0 1.0 0.0 1.0 1.0 1.0 0.0 0.0 1.0 1.0
1.0 0.0 1.0 1.0 1.0 1.0 0.0 1.0 0.0 1.0
1.0 0.0 0.0 1.0 1.0 0.0 0.0 1.0 0.0 1.0
0.0 0.0 0.0 1.0 0.0 0.0 1.0 0.0 1.0 1.0
0.0 0.0 0.0 0.0 0.0 1.0 0.0 1.0 0.0 0.0
0.0 1.0 0.0 1.0 0.0 0.0 1.0 1.0 0.0 0.0
1.0 0.0 1.0 0.0 0.0 0.0 1.0 0.0 0.0 1.0
0.0 1.0 1.0 0.0 0.0 0.0 0.0 0.0 0.0 0.0
1.0 1.0 0.0 0.0 0.0 0.0 0.0 0.0 0.0 0.0
1.0 0.0 0.0 0.0 0.0 0.0 0.0 0.0 1.0 0.0
0.0 0.0 0.0 0.0 0.0 0.0 0.0 1.0 0.0 1.0
0.0 0.0 0.0 0.0 1.0 0.0 0.0 1.0 0.0 1.0
1.0 0.0 0.0 1.0 0.0 1.0 1.0 0.0 0.0 0.0
0.0 0.0 1.0 0.0 1.0 0.0 0.0 0.0 0.0 1.0
1.0 1.0 0.0 0.0 1.0 1.0 0.0 0.0 1.0 0.0
0.0 1.0 0.0 1.0 1.0 0.0 1.0 0.0 1.0 0.0
1.0 0.0 0.0 1.0 0.0 0.0 0.0 1.0 1.0 0.0
0.0 0.0 0.0 0.0 0.0 0.0 0.0 0.0 1.0 1.0
0.0 1.0 0.0 0.0 1.0 0.0 0.0 1.0 0.0 0.0
1.0 0.0 1.0 1.0 0.0 0.0 1.0 0.0 0.0 0.0
0.0 1.0 0.0 0.0 0.0 1.0 0.0 0.0 1.0 1.0
1.0 0.0 1.0 0.0 1.0 1.0 0.0 1.0 0.0 0.0
0.0 1.0 0.0 0.0 0.0 0.0 1.0 1.0 1.0 0.0
0.0 0.0 1.0 1.0 1.0 0.0 0.0 1.0 0.0 1.0
0.0 0.0 0.0 0.0 0.0 1.0 1.0 0.0 0.0 0.0
0.0 0.0 0.0 0.0 1.0 0.0 0.0 0.0 0.0 0.0
0.0 0.0 1.0 1.0 0.0 1.0 0.0 0.0 1.0 0.0
0.0 1.0 0.0 0.0 1.0 0.0 0.0 1.0 1.0 1.0
0.0 1.0 0.0 0.0 1.0 0.0 1.0 0.0 0.0 0.0
1.0 0.0 0.0 1.0 0.0 0.0 0.0 0.0 1.0 1.0
0.0 0.0 0.0 0.0 1.0 0.0 1.0 0.0 0.0 1.0
1.0 0.0 0.0 0.0 1.0 1.0 1.0 1.0 1.0 1.0
0.0 0.0 0.0 1.0 1.0 1.0 1.0 1.0 0.0 0.0
0.0 1.0 0.0 1.0 1.0 1.0 0.0 1.0 0.0 0.0
0.0 1.0 0.0 0.0 0.0 1.0 1.0 0.0 0.0 1.0
1.0 0.0 0.0 0.0 1.0 1.0 0.0 0.0 1.0 1.0
0.0 0.0 0.0 1.0 1.0 0.0 1.0 1.0 0.0 1.0
0.0 1.0 0.0 0.0 0.0 0.0 0.0 1.0 0.0 0.0
1.0 0.0 1.0 0.0 0.0 1.0 1.0 0.0 1.0 1.0
0.0 1.0 0.0 1.0 0.0 0.0 1.0 0.0 1.0 0.0
1.0 0.0 0.0 0.0 0.0 1.0 0.0 1.0 0.0 1.0
0.0 1.0 0.0 0.0 1.0 1.0 0.0 1.0 0.0 1.0
0.0 1.0 1.0 1.0 1.0 1.0 0.0 0.0 0.0 0.0
1.0 1.0 1.0 1.0 1.0 0.0 0.0 0.0 1.0 1.0
0.0 1.0 1.0 0.0 0.0 1.0 0.0 1.0 0.0 0.0
1.0 1.0 0.0 1.0 1.0 0.0 0.0 0.0 0.0 1.0
0.0 1.0 0.0 1.0 1.0 0.0 0.0 0.0 1.0 1.0
1.0 0.0 1.0 1.0 0.0 1.0 0.0 1.0 0.0 1.0
0.0 1.0 1.0 0.0 1.0 1.0 1.0 0.0 0.0 0.0
1.0 0.0 0.0 1.0 0.0 1.0 0.0 0.0 0.0 1.0
0.0 1.0 1.0 1.0 0.0 0.0 0.0 1.0 1.0 1.0
1.0 0.0 1.0 1.0 0.0 1.0 1.0 0.0 0.0 1.0
1.0 1.0 0.0 1.0 0.0 1.0 0.0 0.0 0.0 0.0
1.0 0.0 1.0 0.0 1.0 1.0 0.0 0.0 1.0 0.0
1.0 1.0 0.0 1.0 1.0 0.0 0.0 0.0 1.0 0.0
1.0 1.0 0.0 0.0 0.0 1.0 0.0 1.0 0.0 0.0
1.0 0.0 1.0 0.0 1.0 0.0 1.0 0.0 0.0 1.0
0.0 1.0 1.0 1.0 0.0 0.0 0.0 0.0 0.0 1.0
1.0 1.0 1.0 0.0 0.0 0.0 0.0 0.0 0.0 1.0
1.0 0.0 1.0 0.0 0.0 0.0 0.0 1.0 0.0 1.0
0.0 1.0 0.0 0.0 0.0 1.0 1.0 0.0 1.0 0.0
1.0 0.0 0.0 0.0 1.0 1.0 0.0 1.0 1.0 0.0
0.0 0.0 0.0 1.0 1.0 0.0 1.0 1.0 1.0 0.0
1.0 0.0 1.0 1.0 0.0 0.0 0.0 0.0 1.0 0.0
0.0 1.0 1.0 0.0 0.0 1.0 0.0 1.0 1.0 1.0
1.0 0.0 0.0 0.0 0.0 1.0 1.0 0.0 0.0 1.0
0.0 0.0 0.0 0.0 1.0 0.0 0.0 0.0 1.0 1.0
0.0 0.0 1.0 0.0 1.0 0.0 1.0 0.0 0.0 0.0
0.0 1.0 0.0 1.0 0.0 0.0 0.0 0.0 1.0 1.0
1.0 0.0 0.0 0.0 0.0 0.0 0.0 1.0 0.0 0.0
0.0 0.0 0.0 0.0 0.0 0.0 1.0 0.0 1.0 0.0
0.0 0.0 0.0 0.0 1.0 0.0 1.0 1.0 0.0 0.0
0.0 0.0 0.0 1.0 0.0 1.0 1.0 0.0 1.0 0.0
0.0 1.0 1.0 1.0 1.0 0.0 1.0 0.0 0.0 0.0
0.0 1.0 1.0 0.0 0.0 1.0 0.0 0.0 1.0 0.0
0.0 0.0 1.0 1.0 0.0 0.0 0.0 0.0 1.0 1.0
0.0 0.0 1.0 0.0 1.0 0.0 1.0 1.0 0.0 1.0
1.0 1.0 0.0 0.0 0.0 0.0 1.0 0.0 0.0 1.0
1.0 0.0 0.0 0.0 0.0 1.0 0.0 0.0 0.0 0.0
0.0 0.0 1.0 0.0 1.0 1.0 0.0 0.0 1.0 1.0
0.0 1.0 1.0 0.0 1.0 0.0 0.0 1.0 0.0 1.0
0.0 0.0 1.0 0.0 0.0 1.0 0.0 1.0 0.0 1.0
1.0 0.0 0.0 0.0 0.0 1.0 0.0 0.0 1.0 1.0
1.0 0.0 1.0 1.0 1.0 1.0 1.0 1.0 0.0 0.0
0.0 1.0 0.0 1.0 1.0 0.0 1.0 0.0 0.0 1.0
0.0 0.0 0.0 1.0 0.0 1.0 0.0 1.0 1.0 0.0
0.0 0.0 0.0 1.0 0.0 0.0 1.0 1.0 1.0 0.0
0.0 0.0 1.0 0.0 0.0 0.0 1.0 1.0 1.0 0.0
0.0 1.0 1.0 0.0 0.0 1.0 1.0 1.0 0.0 1.0
1.0 1.0 0.0 0.0 1.0 0.0 1.0 0.0 1.0 0.0
0.0 1.0 0.0 0.0 1.0 0.0 1.0 1.0 1.0 0.0
1.0 0.0 0.0 1.0 0.0 1.0 1.0 1.0 1.0 0.0
1.0 1.0 0.0 0.0 0.0 1.0 1.0 1.0 0.0 1.0
0.0 0.0 1.0 1.0 1.0 1.0 0.0 0.0 1.0 0.0
0.0 0.0 1.0 0.0 0.0 1.0 0.0 0.0 0.0 0.0
1.0 1.0 1.0 1.0 1.0 0.0 0.0 0.0 0.0 0.0
1.0 0.0 1.0 0.0 0.0 0.0 0.0 0.0 0.0 0.0
0.0 1.0 0.0 0.0 0.0 1.0 0.0 0.0 0.0 0.0
0.0 0.0 1.0 1.0 1.0 0.0 1.0 0.0 1.0 0.0
0.0 1.0 0.0 1.0 0.0 1.0 0.0 1.0 0.0 0.0
0.0 1.0 0.0 0.0 0.0 1.0 1.0 1.0 1.0 1.0
0.0 0.0 0.0 0.0 0.0 0.0 1.0 1.0 0.0 0.0
1.0 0.0 1.0 0.0 1.0 0.0 0.0 0.0 0.0 0.0
1.0 1.0 1.0 0.0 1.0 0.0 1.0 0.0 1.0 1.0
0.0 0.0 1.0 1.0 1.0 0.0 1.0 1.0 0.0 0.0
0.0 0.0 0.0 0.0 1.0 0.0 1.0 0.0 1.0 0.0
0.0 0.0 1.0 1.0 0.0 1.0 0.0 1.0 0.0 0.0
0.0 1.0 0.0 0.0 0.0 0.0 0.0 1.0 1.0 1.0
1.0 0.0 0.0 0.0 0.0 1.0 1.0 1.0 0.0 0.0
0.0 0.0 1.0 0.0 0.0 0.0 1.0 1.0 0.0 1.0
0.0 1.0 0.0 1.0 0.0 0.0 0.0 0.0 0.0 0.0
0.0 0.0 0.0 0.0 1.0 1.0 0.0 1.0 0.0 0.0
1.0 1.0 0.0 0.0 0.0 0.0 0.0 1.0 0.0 1.0
0.0 1.0 1.0 0.0 1.0 0.0 1.0 1.0 0.0 0.0
1.0 1.0 0.0 0.0 1.0 0.0 0.0 0.0 0.0 0.0
1.0 0.0 0.0 1.0 0.0 1.0 1.0 1.0 0.0 1.0
0.0 0.0 0.0 0.0 1.0 1.0 0.0 0.0 0.0 1.0
0.0 0.0 1.0 1.0 0.0 0.0 0.0 1.0 0.0 1.0
0.0 1.0 0.0 0.0 0.0 0.0 1.0 0.0 0.0 0.0
0.0 1.0 1.0 1.0 0.0 1.0 1.0 0.0 1.0 0.0
0.0 0.0 0.0 1.0 1.0 0.0 0.0 0.0 1.0 0.0
1.0 0.0 0.0 0.0 1.0 0.0 1.0 1.0 0.0 1.0
0.0 0.0 0.0 0.0 0.0 1.0 0.0 1.0 1.0 1.0
1.0 1.0 0.0 1.0 1.0 0.0 1.0 1.0 0.0 1.0
0.0 1.0 0.0 0.0 1.0 1.0 0.0 0.0 1.0 1.0
0.0 1.0 0.0 1.0 0.0 1.0 1.0 1.0 1.0 0.0
1.0 0.0 1.0 1.0 0.0 0.0 0.0 1.0 0.0 0.0
0.0 1.0 0.0 0.0 1.0 1.0 1.0 1.0 1.0 1.0
1.0 0.0 1.0 1.0 1.0 0.0 0.0 0.0 1.0 0.0
1.0 0.0 0.0 0.0 1.0 0.0 0.0 1.0 1.0 1.0
1.0 0.0 0.0 0.0 1.0 0.0 1.0 0.0 1.0 1.0
1.0 1.0 0.0 1.0 1.0 1.0 0.0 1.0 1.0 0.0
0.0 1.0 1.0 1.0 1.0 1.0 1.0 0.0 1.0 0.0
0.0 1.0 1.0 1.0 0.0 1.0 0.0 1.0 0.0 1.0
0.0 1.0 0.0 1.0 0.0 1.0 0.0 0.0 1.0 0.0
1.0 1.0 0.0 0.0 1.0 1.0 1.0 1.0 0.0 1.0
1.0 0.0 0.0 1.0 1.0 1.0 1.0 0.0 0.0 0.0
1.0 0.0 1.0 0.0 0.0 1.0 1.0 1.0 1.0 0.0
0.0 1.0 0.0 1.0 0.0 1.0 0.0 0.0 0.0 1.0
1.0 0.0 0.0 0.0 1.0 1.0 0.0 0.0 0.0 0.0
1.0 0.0 1.0 0.0 1.0 0.0 1.0 0.0 1.0 0.0
1.0 0.0 1.0 0.0 1.0 1.0 1.0 1.0 0.0 1.0
0.0 0.0 0.0 1.0 0.0 1.0 1.0 0.0 0.0 1.0
0.0 1.0 0.0 1.0 0.0 0.0 0.0 1.0 0.0 1.0
1.0 1.0 1.0 0.0 1.0 0.0 0.0 0.0 0.0 1.0
0.0 0.0 1.0 0.0 1.0 0.0 0.0 1.0 1.0 1.0
1.0 0.0 0.0 0.0 1.0 0.0 0.0 0.0 0.0 1.0
0.0 0.0 0.0 0.0 1.0 1.0 0.0 0.0 1.0 0.0
0.0 1.0 0.0 0.0 0.0 0.0 0.0 0.0 1.0 0.0
1.0 0.0 0.0 0.0 1.0 0.0 1.0 0.0 0.0 0.0
1.0 0.0 0.0 1.0 0.0 0.0 0.0 0.0 0.0 0.0
0.0 0.0 1.0 0.0 0.0 0.0 0.0 0.0 0.0 1.0
0.0 0.0 1.0 0.0 1.0 1.0 0.0 0.0 0.0 0.0
0.0 1.0 1.0 0.0 0.0 0.0 1.0 1.0 0.0 0.0
1.0 1.0 1.0 0.0 0.0 0.0 1.0 0.0 1.0 1.0
1.0 1.0 1.0 0.0 1.0 0.0 1.0 0.0 0.0 0.0
1.0 0.0 1.0 0.0 0.0 1.0 1.0 0.0 0.0 0.0
0.0 1.0 0.0 0.0 1.0 0.0 0.0 0.0 0.0 1.0
1.0 0.0 0.0 0.0 1.0 0.0 0.0 0.0 1.0 0.0
0.0 0.0 0.0 1.0 1.0 1.0 0.0 0.0 0.0 0.0
1.0 1.0 0.0 1.0 0.0 0.0 0.0 0.0 1.0 0.0
1.0 0.0 1.0 1.0 0.0 0.0 1.0 1.0 1.0 0.0
0.0 1.0 1.0 1.0 1.0 0.0 0.0 1.0 0.0 0.0
1.0 1.0 0.0 1.0 0.0 0.0 0.0 1.0 0.0 0.0
0.0 0.0 1.0 0.0 1.0 1.0 1.0 1.0 0.0 0.0
0.0 1.0 0.0 0.0 1.0 1.0 0.0 0.0 0.0 0.0
1.0 1.0 0.0 0.0 1.0 0.0 0.0 0.0 1.0 1.0
0.0 1.0 0.0 0.0 0.0 1.0 0.0 1.0 1.0 0.0
0.0 1.0 0.0 1.0 0.0 1.0 1.0 0.0 0.0 0.0
0.0 1.0 0.0 0.0 0.0 0.0 1.0 1.0 0.0 1.0
1.0 0.0 0.0 0.0 0.0 0.0 0.0 0.0 0.0 1.0
0.0 0.0 0.0 0.0 0.0 1.0 0.0 0.0 1.0 0.0
0.0 0.0 1.0 0.0 1.0 0.0 0.0 1.0 0.0 0.0
1.0 0.0 0.0 1.0 1.0 0.0 1.0 0.0 1.0 0.0
0.0 0.0 0.0 1.0 0.0 0.0 0.0 1.0 1.0 1.0
0.0 0.0 0.0 1.0 1.0 0.0 0.0 1.0 1.0 1.0
1.0 0.0 1.0 0.0 0.0 1.0 0.0 1.0 0.0 0.0
0.0 0.0 0.0 0.0 1.0 1.0 1.0 1.0 0.0 1.0
1.0 1.0 0.0 0.0 0.0 0.0 0.0 1.0 1.0 0.0
1.0 1.0 0.0 0.0 0.0 1.0 0.0 0.0 1.0 0.0
1.0 0.0 0.0 0.0 0.0 0.0 1.0 0.0 0.0 0.0
0.0 1.0 1.0 0.0 0.0 1.0 1.0 0.0 0.0 0.0
0.0 0.0 0.0 0.0 0.0 0.0 1.0 1.0 1.0 1.0
0.0 0.0 0.0 0.0 0.0 0.0 0.0 1.0 1.0 0.0
1.0 1.0 1.0 1.0 0.0 1.0 1.0 0.0 0.0 0.0
0.0 0.0 1.0 1.0 1.0 0.0 0.0 0.0 0.0 0.0
0.0 0.0 1.0 1.0 1.0 0.0 1.0 0.0 0.0 1.0
1.0 0.0 1.0 1.0 0.0 1.0 0.0 0.0 1.0 1.0
0.0 0.0 1.0 1.0 1.0 1.0 1.0 0.0 0.0 0.0
0.0 1.0 0.0 1.0 1.0 0.0 0.0 0.0 0.0 0.0
1.0 0.0 1.0 0.0 0.0 1.0 0.0 0.0 0.0 1.0
0.0 1.0 0.0 1.0 1.0 0.0 0.0 1.0 1.0 0.0
0.0 1.0 0.0 0.0 1.0 0.0 1.0 0.0 1.0 1.0
1.0 0.0 1.0 1.0 0.0 0.0 1.0 0.0 1.0 1.0
1.0 1.0 0.0 1.0 0.0 0.0 1.0 0.0 0.0 0.0
1.0 0.0 0.0 1.0 0.0 0.0 0.0 1.0 0.0 1.0
1.0 1.0 0.0 0.0 1.0 0.0 0.0 1.0 0.0 1.0
0.0 1.0 1.0 0.0 0.0 0.0 0.0 1.0 0.0 1.0
1.0 0.0 0.0 1.0 1.0 0.0 1.0 0.0 0.0 1.0
1.0 0.0 1.0 1.0 0.0 1.0 0.0 0.0 0.0 0.0
1.0 1.0 0.0 0.0 0.0 1.0 1.0 0.0 0.0 0.0
0.0 0.0 0.0 0.0 1.0 0.0 0.0 1.0 1.0 0.0
0.0 0.0 1.0 1.0 0.0 0.0 1.0 1.0 0.0 0.0
0.0 1.0 0.0 0.0 1.0 1.0 1.0 0.0 0.0 1.0
0.0 0.0 1.0 1.0 0.0 0.0 1.0 0.0 0.0 1.0
0.0 0.0 1.0 1.0 0.0 0.0 1.0 1.0 1.0 1.0
1.0 0.0 0.0 0.0 1.0 0.0 0.0 1.0 0.0 0.0
0.0 0.0 0.0 1.0 0.0 0.0 1.0 1.0 0.0 1.0
0.0 0.0 0.0 1.0 1.0 0.0 0.0 1.0 0.0 0.0
0.0 0.0 0.0 1.0 0.0 0.0 1.0 0.0 0.0 0.0
0.0 0.0 0.0 0.0 0.0 1.0 0.0 0.0 0.0 1.0
0.0 1.0 0.0 1.0 0.0 0.0 0.0 1.0 1.0 0.0
1.0 0.0 1.0 0.0 1.0 0.0 0.0 0.0 1.0 1.0
0.0 0.0 1.0 0.0 0.0 1.0 1.0 0.0 0.0 1.0
0.0 0.0 1.0 1.0 0.0 0.0 0.0 0.0 0.0 0.0
0.0 1.0 0.0 0.0 0.0 0.0 0.0 0.0 0.0 1.0
0.0 0.0 0.0 0.0 0.0 0.0 1.0 0.0 0.0 1.0
0.0 0.0 0.0 0.0 0.0 0.0 0.0 0.0 0.0 0.0
0.0 0.0 1.0 0.0 0.0 0.0 0.0 0.0 1.0 0.0
0.0 0.0 1.0 0.0 0.0 0.0 0.0 1.0 1.0 1.0
0.0 0.0 0.0 1.0 0.0 1.0 0.0 0.0 1.0 1.0
0.0 1.0 1.0 0.0 1.0 1.0 0.0 0.0 1.0 0.0
1.0 0.0 0.0 0.0 0.0 0.0 1.0 0.0 1.0 1.0
0.0 1.0 1.0 1.0 0.0 0.0 0.0 1.0 0.0 0.0
1.0 0.0 1.0 0.0 1.0 0.0 0.0 1.0 1.0 0.0
0.0 0.0 1.0 1.0 0.0 0.0 0.0 1.0 1.0 0.0