# 0.00323890373032
& 9 9
-0.333187159452 2.23857075015 2.37090886487 2.28566838349 -7.29653640922 2.11226611433 -2.19038183628 2.31099107661 2.43397554088
-4.53053388184 -4.74394220387 -4.39477354812 -4.46434302718 -2.06932067901 -5.03327299964 -5.00921217618 12.561772999 -4.16885374439
-5.28058159408 -5.80250012425 -5.77844714468 -5.84467792891 -2.3859300404 -5.86433278295 -5.59909893414 -5.74578239694 14.3065167619
-5.17185711347 -5.29596026469 -4.96406518204 13.8086699528 -2.22526549991 -5.52574445834 -5.49127093961 -5.04187926311 -4.57511597907
-4.57985101424 -4.99794472521 12.7051853664 -4.73348627394 -2.1722258295 -5.20973525455 -4.96050016442 -4.76413547803 -4.34116784588
-5.92694358949 -4.17183766585 -4.23086426329 -4.20450129714 -5.49044807869 -4.18771579557 3.29654387884 -4.20185531349 -4.30663574988
-4.60042049566 12.7408690368 -4.38013217769 -4.4346464894 -2.0064909772 -4.94365190963 -5.2190540584 -4.43438259147 -4.22566932118
-4.97817789061 -4.7899451601 -4.64949051489 -4.62691955249 -1.87587829949 13.568186216 -5.60307370825 -4.66204916048 -4.43635570692
-4.658851855 1.30795836355 1.4180414272 1.46654509665 3.14644210693 1.15329752804 -4.75273993862 1.48384986644 1.46801111777
& 3 9
-1.02129296147 -9.72824543014 -9.70955787033 -9.50075394256 -9.63691365372 -9.57123609426 -9.66137480622 -9.5024618682 -2.1896811265
13.750394421 -10.5961103885 -10.7822372573 -10.5030309894 -10.6908240548 9.71807801172 -10.3595286544 -9.87979800617 12.9118320575
0.312626151606 -0.0890746953102 -0.104271056887 -0.0836816417809 -0.0946042636454 -19.434055323 -0.0770903185229 -0.0569131187675 0.389640148136
& 1 3
-20.247244 -16.5766581496 13.5518235125
