# 0.0544462152462
& 10 9
-10.3117804469 -1.85126333673 -10.0360172246 -1.85126353808 -19.7903869344 -1.85126426748 -10.0543537491 -10.567291344 -8.96553267797
-2.38940001509 -1.93897286291 -1.74587209303 -1.9389721228 11.2074142883 -1.93896923643 11.4674008204 -2.38973790863 20.1469625773
-11.1338401382 -9.70664441853 -10.9069557536 -9.7074557682 -10.4802991078 -9.70530804714 14.0675324425 -11.3586638058 -8.96788241102
-10.8837342866 -9.9612113164 -9.94446783983 -9.96121742978 -3.2235899512 -9.9613474342 25.0884689591 -11.0228985451 -10.808887616
-11.8211079425 -11.0716226418 -11.5959090441 -11.0716291003 -10.7626464441 -11.0716064507 -11.3096274445 10.9853523145 -10.170781158
-11.4384416899 -11.2488289794 -11.1536120298 -11.2488256094 -1.68302053715 -11.2487436698 -12.5919024709 -11.6922819493 30.790564271
-10.5769247969 -9.64102492107 -10.2345730472 -9.64036924594 13.1001348575 -9.64011599487 -10.688924396 -10.8490708194 -9.73419355545
10.6804981068 -10.7196005674 -11.287498226 -10.7196014721 -10.2135693461 -10.7195989596 -11.0916561718 -11.785068329 -9.05319367938
-12.34606679 -10.2199893174 8.21131646123 -10.2199894219 -8.66647922255 -10.2199897497 -10.653999474 -12.3836865308 -1.17202342419
-10.2407855024 -11.2049313422 -11.2919132173 -11.204903224 37.3140148585 -11.2045564094 -12.5679270121 -10.0952717717 -12.4672999073
& 1 10
-76.7866989411 -9.86267918222 -19.7146627925 14.7704356606 -11.9700572605 11.6212090704 -20.2102460407 -11.3427328689 -13.7581079364 14.6432862925
