# 0.445597865168
& 9 9
7.29848816661 6.33750195409 -6.32277649232 -5.56750716697 0.241019713347 6.2919504445 -5.39083426291 6.32696752733 6.43109529433
7.49331267419 6.21560027232 -6.20591823834 -5.60185955184 0.234633116579 6.20554765725 -5.40269280681 6.513399125 6.14485368993
-0.22077124838 -1.49076458072 -1.79436192342 -4.56057251252 -0.0398999049712 -0.13950333696 1.96626399677 -0.370394016098 1.01372796579
4.5506803459 -5.6436644237 -4.96771811856 5.74951182515 -0.0498665853534 -5.7006966208 5.3918399093 4.1344317001 5.35541933966
1.50123904367 -0.602498235551 -4.57877134666 -0.176261544424 0.0531730964615 -0.537595275997 -1.59868191897 0.420733269449 -1.95178839022
-5.69720514449 -6.40837481639 -5.17671127645 7.91602860254 0.220830383066 -6.40136861003 7.6904508697 -6.16271601435 6.20428061862
-4.85085581149 -5.46840331509 4.84114102815 0.782699081709 -0.0739093468271 -5.42786783092 2.5907648474 -4.74279715433 -6.50800464328
5.48624210946 4.1391808725 -3.95799499329 -4.76513741275 -0.0628571027338 4.11470307385 -4.8022475223 4.36945977357 2.49420394269
1.63208261437 5.58781606121 -5.04922884059 -5.4491771565 0.0838033073277 5.61981971535 -5.31218666648 5.54131835193 5.43093232643
& 2 9
-11.8967154504 -12.7545032203 7.76324822198 9.83052068539 11.6015387223 -6.05397024476 -13.9768838503 -5.97851072924 -7.14553429199
-6.40179765708 -4.95763422059 -2.02333638051 -2.24111909569 -2.3246426869 -10.1531097573 0.702527455678 -4.35941116437 -5.03786286197
& 1 2
11.8043870791 15.5860253669
