# 0.0345724070658
& 9 9
9.63435429329 -7.37922759922 -8.50760824954 -5.9008506945 -5.26662027049 -5.9008506961 -5.90085069554 -8.20288848913 -7.89260486367
-6.13203211491 -6.27811235145 -6.01250738142 -4.538644564 7.46147746293 -4.53864446859 -4.53864450168 -6.1163881723 -5.7481190423
-5.97430381851 -6.93876526026 9.57646299797 -5.9045861999 -5.2309696347 -5.90458620199 -5.90458620126 -6.17224332276 -7.44970585854
-5.19005887719 9.73930655538 -5.28649599649 -4.81773175962 -2.94887584665 -4.81773177971 -4.81773177146 -5.24204896604 -5.24316956757
-5.31363860243 -5.77693802867 -5.38342573579 -5.05471480226 -5.55068740293 -5.05471481516 -5.05471481083 -5.32939757629 9.45978027384
-4.79305414658 -4.37548394237 -4.86515996857 -4.45958574783 -3.49795690491 -4.4595857567 -4.45958575377 -4.80922962278 5.73813796466
-5.31237903761 -5.39852303099 -5.31035809554 -5.31898675292 14.1744785053 -5.31898675166 -5.31898675212 -5.31133752543 -5.29636418848
-5.15563840516 5.83953629608 -5.21394304817 -4.77491775075 -3.66279664509 -4.77491779016 -4.77491777411 -5.20012012826 -5.15808341627
-6.01419831473 -7.0476756737 -7.39682404379 -5.88716438357 -5.2099885769 -5.88716438528 -5.88716438468 9.56893933328 -7.69585631025
& 2 9
-27.046579286 -7.41026521355 -28.9670063307 -2.59313320191 -8.82248797866 9.14641743513 -8.65180558506 3.3321422707 -28.331320436
-11.5727061749 -15.4557141904 -11.523893603 0.722204003534 -0.720735056099 -13.7081721822 1.58108690459 -13.5721224867 -11.5443369927
& 1 2
-42.6225236758 30.9764946186
