# 0.131603725028
& 9 9
-8.23168036911 -9.01759245372 -8.22058271328 -8.22058533343 29.6274865949 -8.22058564572 -8.23179011977 -8.22064099661 -8.22057898686
-9.28574734258 0.254845334836 -1.92509670765 -1.92509620422 -8.12064460286 -1.92509586737 -9.32773822427 -1.92509246381 -1.92509722818
-6.83495990269 26.9335200103 -6.84082668285 -6.84082668918 47.1884051554 -6.84082668955 -6.83496001655 -6.8408266948 -6.84082673406
-10.3277723903 -4.25005905392 -9.6084002067 -9.60839998089 -6.2094813296 -9.60839987972 9.30258558027 -9.6083598283 -9.60848687173
8.91029596557 -2.72249598974 -9.32694490019 -9.32694611248 -5.76011843584 -9.32694590617 -10.5235211375 -9.3269061053 -8.74322088568
-10.5829871758 24.9023696029 -9.50155989956 -9.50300563467 -2.44075784383 -9.50297546128 -10.7033569705 -9.50308333422 -9.50175174278
-7.86025021707 -5.74734275572 -7.9533384694 -7.95368109183 11.1886592263 -7.95343238622 -8.11514166789 -8.62579968809 -7.9537340922
-9.225406376 -7.68068496312 -8.02383979267 -7.08429960996 -16.4084120525 -7.25178744792 -7.02305160211 -7.8962814581 -7.55056123885
-4.71012920411 -5.0972502067 -4.90960699029 -4.8781495414 -2.12218252995 -4.82149552438 -4.62169701176 -4.51761324989 -4.89448158756
& 1 9
17.1781873513 -70.5419247299 -10.4967326933 -11.3650053874 -11.3044070072 16.8761541671 -28.1542577479 3.22714308412 0.162745899331
