# 0.42890594407
& 15 9
10.9253809473 -2.38279034967 11.3535013426 -2.25393805732 2.76354992206 10.6677125502 -1.3642056704 1.14493929788 -2.62019393173
9.44851468533 -0.307770135347 -2.32646284101 -0.211306085283 3.64304601908 12.3537588771 -0.131413728785 0.372477162157 0.172537829557
-1.1877207547 3.89533599533 -2.34672399676 -2.95407709497 -2.19151872402 -4.22222268626 -2.84725202493 -3.33424500063 -2.6298249717
-0.113372303366 -2.0189531732 -0.899941433323 -2.06344987717 -2.39695210532 1.10387006293 -1.6354413265 -2.673692655 -0.629199881587
12.2301849668 -0.0653714935911 10.7161691685 0.519960873058 2.47942804934 -3.00100298617 0.264525932595 -0.0279731091423 0.0936199491038
-3.80384758971 -3.01827898668 -2.34693668643 -3.32069339206 -1.99462046077 4.77671198975 -2.99675433392 -3.0178175225 -3.85593282834
1.30550544547 -1.66700346088 -3.92094761435 -0.789996438486 -2.29008430941 -3.7841280877 -1.74335404247 -0.823287083202 0.692650862694
-2.7076120401 -3.87174078774 -3.55712609857 -3.60956567165 -1.25862234452 -4.16617413636 -4.28063149246 5.75380927778 -4.38603311909
0.584338681269 -1.59804496837 -2.68355136129 1.87975759023 -1.70926087618 -2.96436656524 -2.00315389908 -2.26435513533 -1.52505677308
9.59348798729 -6.09665433116 9.00322009317 -6.1998881221 -1.32995037645 8.62681566666 -6.18712645008 -6.00622368792 -6.07320143009
-4.59254365903 -2.29491661177 -5.3737057952 -2.30560403612 11.104847954 -5.79817954686 -2.74715987849 -3.79859514186 -2.82452707346
6.48484984939 0.676807493437 11.2651691771 1.17842177446 4.59677150201 10.1938008883 0.881053944655 1.13865257818 -0.271473125177
0.633636814257 -2.5575025019 -3.64122368164 -2.06077792452 -1.96502726688 -5.2999087049 2.57869143511 -2.65044206822 -1.93500798508
-3.95989215918 -3.73796744615 -4.13672810013 -3.88194570416 8.81780027123 -5.10391344706 -3.74183508461 -4.87384161323 -3.62230883674
-1.79717466982 -2.69531038736 0.544651211484 -0.192838004061 -1.80508260016 -2.09718040606 -0.581497720461 -2.94770694965 -0.32469848771
& 2 15
2.18540573468 -7.63383671341 -3.43682940504 -1.82540919664 -8.06278795419 4.05186301029 -4.58432844763 -7.42902185259 -5.78210591025 -6.53515387827 -7.55571482214 -8.50834211378 -5.13283407731 -5.92076629398 -1.35495932417
-1.47882229422 -10.4240537803 10.0005930917 11.3924614719 -8.87072564178 9.95244537202 9.14954664983 12.1209169656 8.2685900577 8.42715429322 11.1270649472 -5.72029846827 10.2413547393 12.1285421639 10.6904393684
& 1 2
15.892743453 -14.7861109748
