# 0.358692597929
& 9 9
-5.45381355703 4.88972924938 -5.20259853205 -5.78370387562 0.109396241713 -2.25588178356 -2.08671847812 -5.49037584543 -2.10881836109
-0.408476972179 -11.8028426292 -1.13209775246 -1.52272170995 -1.869415055 -3.62749699844 -4.4676155356 -1.0455979939 -2.23699564893
5.37679710632 -20.5684206606 5.38224385708 5.38351724857 0.0645043879172 5.69246476778 5.68835393087 5.37897824392 5.69116903234
7.67989903525 -9.14225719751 6.71202083207 6.53046814554 -0.040164899495 7.20978994973 7.23339476788 7.67717611554 7.24873837306
-1.81833681287 -5.30684766553 -0.781915984291 -0.239066589989 -4.77431358346 -2.54509430188 -3.64523216052 -1.0754927181 -3.45027943271
-6.24085202435 -5.28805038998 -6.23713709494 -6.23319641256 12.1032925097 -5.26772206637 -5.27105825983 -6.2345186733 -5.27063256815
-2.94155960308 12.9589526988 -2.9422004986 -2.94972348701 -3.6694332066 -0.579866733768 -0.575749431849 -2.93852620879 -0.586046993694
16.2259143586 -0.0150399533054 16.2286553506 16.2335058703 -0.399135100285 -9.41822495329 -9.42310827296 16.2262018656 -9.41397848911
-6.67539916142 -5.3173345882 -6.65581327288 -6.61968985467 -0.389765532192 2.10802030955 2.07969380189 -6.67588759844 2.02919490982
& 3 9
-6.20709483949 7.46352230453 -8.0773928825 -12.9704491124 -6.75401627168 -11.296977159 -5.39412941351 -13.6381762247 -9.88889165747
-10.1908882282 -3.09595163713 -23.5437615151 11.3650859124 -2.43253706479 -5.09435826725 -1.38836462743 -6.93045267584 -10.3589442154
-8.00246624365 -4.07822672636 5.56497170043 -0.965503633844 -4.75259293542 -10.1495949576 -17.7393997283 -13.4928274395 -4.75862663508
& 1 3
16.2341667405 7.17807215851 9.79825739433
