# 0.0415264930276
& 20 9
-4.5348100995 -1.43456009453 -4.51208348284 -4.35673773304 0.0193050527081 -4.60996679826 -4.57523116379 -4.64705127647 -4.44611638671
-10.4997091536 27.583612513 -9.0160502658 -10.5020997166 -2.20196434375 -10.6026987569 -10.6039728357 -10.6080579043 -11.1206675295
-10.2978440437 -1.80892375056 -11.4161553281 -10.2978508337 -18.1016280284 -11.3733803365 -11.3811363041 10.1955955733 -9.58027434866
-4.64973932403 -5.33674074521 -5.7196858223 -5.27104886677 -1.71081153723 -5.09234279068 -4.88975100221 -4.44626617896 -5.21456253638
-5.9787378122 -8.78340451034 -6.17681231905 -5.73273459208 -7.20247145962 -5.07516630489 -8.24568576505 -7.08841472438 -6.41966832912
-8.72098516356 -5.28180249481 -9.36305690099 -8.71690883437 10.8561519859 -9.21068590774 -9.19515740163 -8.89782491901 -9.81869498495
-2.20770310047 30.7642119704 -6.08640502244 -2.23088030337 33.619688113 -6.08661965488 -6.08647770753 -6.08621943964 -3.6408699271
-6.89624184972 -2.06956544623 -9.49269003104 -6.90253676717 -5.08089170513 -9.49218192249 -9.50141996736 -9.45070276093 10.4652637198
-9.92717822312 -13.7432871377 -6.97524240926 -9.89160832014 31.9830631116 -9.55961265045 -9.55204330967 -9.40942826886 -8.54892666234
-10.5179597151 -3.59838254696 -11.3678218943 -10.5179850956 -9.76024468 -11.4532511462 10.3966351754 -11.3378957423 -9.86427336704
-10.2271329355 11.9264639467 10.0227519513 -10.2271703867 -3.90286989572 -11.2469636903 -11.2529802633 -11.0365119268 -9.42112338834
-7.18807562795 -7.21036695919 -7.18302675217 -7.16904981003 -5.86011269331 -7.17551592737 -7.21504305156 -7.18563700939 -7.21078857017
-10.5051635732 -3.53145283791 -11.361381182 -10.5052265855 -9.63682946354 10.3855483469 -11.4524712785 -11.3323894919 -9.84862029167
-3.81158189388 7.72454421548 -6.83570306412 -3.81047485654 -15.483278829 -7.36805626419 -7.37624700092 -7.2439805416 -5.02014283672
-6.15818572741 -6.14679514166 -6.12985948985 -6.14889783207 -1.91743065619 -6.15160669424 -6.15389719235 -6.15664296836 -6.13012089961
-4.80505570394 -5.71614908478 -5.88157782976 -5.55528190903 -1.64132498002 -5.36534198573 -5.06281439592 -4.63750435172 -5.55025770316
0.0293987384309 42.0847637255 -8.90387258281 0.0298914663019 -10.2249357239 -8.90514141958 -8.90510664821 -8.90467942765 36.404181692
-4.03229443895 -3.24975099702 -4.62970610765 -3.64744037937 -4.83435940815 -4.15787729755 -4.62245287427 -4.82454587092 -3.50153180512
-5.34467128218 -3.16024460269 -5.35453813124 -5.34474933337 -2.52882068401 -5.38350154447 -5.38354770096 -5.38316470179 13.8313528773
-7.29474924715 -7.23135094124 -7.32390634478 -7.29807613787 -5.9455979535 -7.30799845549 -7.26972049443 -7.31457774854 -7.31254037692
& 1 20
-1.56337365267 32.9425819607 -11.2834074798 -1.06467637788 -6.1924127819 -27.9599062536 -6.96611352254 -12.3030257963 16.3138492072 -11.5282107983 -11.8363959415 -1.37462634254 -11.5064901443 -16.7644036008 -0.320922861739 -0.882639288821 -7.93572961949 -1.67780229568 14.4778172231 -1.42864684028
