# 0.00408268077733
& 9 9
-5.57404950724 -6.32538719409 -5.09700506534 -6.7676767887 9.14697098385 -5.19706442996 -6.59606726662 -6.59524370346 -6.27349906215
-5.62251042548 -5.61363141378 -5.62781449052 -5.67880016411 15.8829677224 -5.62765479824 -5.65632601101 -5.58905702682 -6.03799946997
-0.57534618399 -4.97445528248 -1.56777899916 -2.79146244488 -8.52980199288 -1.56626009555 -2.96125544664 -2.62774954283 -1.65158530531
-3.89648534343 2.80575715393 -5.59815187247 -4.16295772466 -1.78662530985 -5.59887786901 -3.93684330586 -4.4672212146 -3.43410274586
-6.19285447303 -5.84341532445 -5.8424665122 -5.82116597454 -1.20127278552 -5.84276497538 -5.83689779638 -6.23784332932 10.2325260028
-5.92882876744 -4.71089570653 -4.74937441537 7.92082961312 -2.26121177148 -4.74992928842 -4.68954150727 -6.48801159498 -9.11445076401
6.9526514096 -4.26259587491 -4.01864086473 -4.63001521682 -2.43816657792 -4.01900916918 -4.40419048668 -5.06488186052 -5.16338724036
-5.42140595865 -4.92188753332 -4.9087231235 -5.10461892004 -2.6978144416 -4.90890284535 -4.97628942102 8.45906398855 -6.01174286587
-6.13752296011 -4.19524773443 -4.27192548099 -8.52628838408 -2.66631579339 -4.27285137947 7.02725190334 -7.04971842784 -8.88098153322
& 9 9
-4.66531698943 -5.3568509714 2.67368352811 0.0556940937613 -13.5086047254 -13.128686249 0.336418117268 -11.0293624285 -12.9154525525
-3.6769899674 -4.96417354217 -7.35454721251 -3.59860318943 -3.44225452632 -4.09870721668 -0.500418063246 -2.61079757977 -4.28729409222
-3.66114730292 -3.17110195 -6.71442869386 -3.40844721729 -3.62680383501 -4.23671051441 -0.5508770739 -2.63707759153 -4.42345643283
-3.379868539 -5.56876372756 -7.3976526762 -5.06854999428 -12.6251455605 -14.3075376096 -11.0226465617 -12.2313604435 -14.2771811126
6.8485433299 4.76674344429 -2.78778061582 3.27646715272 2.18112157104 1.83545002794 2.59083677279 6.19292844806 1.75014297175
-3.42985084579 -3.26695117373 -7.77676946572 -3.16802171412 -3.76606326437 -4.87716183933 -0.918753518845 -2.87774605277 -5.06309237171
-2.97370716041 -6.16441996436 -10.3969042479 -3.06473111704 -10.3686475186 -11.8403146807 -9.69695124325 -10.3342098127 -11.5946761974
-2.40130957313 -4.26182264856 -4.33592489163 -2.35044919558 -4.62979499535 -5.33690250036 -1.63062826657 -3.30039506503 -5.48760304857
-11.5599379088 6.85764540277 -10.5165795424 -4.33790045952 -2.39185362774 -3.00153070384 -0.174273633521 -2.52227796297 -3.20721532663
& 1 9
-13.3237318283 11.1498027442 10.6888085825 -23.6900943836 -8.75124327331 6.37669872217 -14.895079538 3.67950585269 16.9563345082
