# 0.179850416813
& 9 9
-18.7532313581 35.6505416 -41.1356907735 -18.7209863613 5.44502579774 -15.3804461688 -15.3804507074 -15.4794061699 14.7700428272
37.5310440007 -28.9004579076 -15.8475254742 43.1153871445 -14.9737266022 -22.6378856672 -22.6378842935 -22.6287874716 -23.5661420266
-20.4834987791 -18.3597717236 48.8906523205 -19.3491812157 42.7382139613 -20.0853786473 -20.0853875213 -20.1840239997 -20.537921608
-21.6831425123 38.8612278739 7.83359922844 10.3208565601 6.98698746735 -21.2130782576 -21.2132000838 -21.5056581032 -21.314341079
22.5508176291 23.5129913887 -4.59583525581 10.2394665 42.300432656 -4.98337163802 -4.98328429059 35.0895700952 -9.78730796437
-12.5788967327 -10.8240755285 -11.9741364731 -8.14757572266 -10.4326554678 -12.4133566844 -12.4133053658 -12.3468961416 48.571506921
17.3377463156 12.1879439272 8.04568102069 -16.7153799879 -19.3703715316 9.81499784694 9.81500334724 9.93436374177 9.4335286301
-15.1123815232 -11.6569981998 -19.6434092608 83.7943504234 -19.2341521324 -15.8390427738 -15.8390534416 -15.9402874101 -15.2772495733
-10.2184405281 -11.4130236012 -8.11449312859 -10.6814258782 -11.3528792172 -8.44751527079 -8.44757010041 -9.98237145711 26.0189395415
& 3 9
24.918687647 9.80297408412 17.289772069 -14.5875234379 4.13092510468 -8.33942948158 -25.1493592971 -30.2486522251 12.9378323384
-15.7732606993 11.7438983244 -16.8986843161 15.5984689153 31.9624679581 36.5674186371 -32.2272802777 -11.9042258377 -45.6330053609
30.5295207236 23.5505578179 -13.2355060045 13.3105305518 -35.0795165279 24.5571620514 -1.48748149832 -12.4452169634 -32.6269641387
& 1 3
18.5194874251 -2.77888819322 -38.7270188393
