# 0.289547730635
& 9 9
-9.08319588501 -9.08329944811 12.6137611099 -9.11361913996 1.14058536988 -9.08608134986 -9.08297353722 -9.08254113016 -8.71579860755
-8.4121759501 -8.40951011128 -6.40456692985 -8.40837538271 -0.833956275976 -8.40761426823 -8.40914126366 -8.40986477847 -6.2526658417
-10.0923184366 -10.0922266234 -10.4511533825 -10.0923731257 -0.968779031487 -10.0923406086 -10.0923191523 -10.0923272084 20.4067904377
-8.79628998734 -8.79486174555 -8.14851933889 -8.79692261149 0.153393265337 -8.79324934492 -8.79643799861 -8.79788845609 10.0851991258
-8.89462037972 -8.89489497312 9.38267025635 -8.89461595822 26.8846348025 -8.89481863997 -8.89462036512 -8.8946203269 -9.32832547182
-8.16952872001 -8.17099520613 5.25382107892 -8.16965826265 12.5737791903 -8.97897102121 -8.16946579847 -8.16933785855 -7.68647057359
-3.07712559154 -3.07711468356 -6.21617472846 -3.07715989862 -2.59482816918 -3.07473344334 -3.07710985559 -3.07711897212 -0.133703210864
-9.02104579177 -9.03199349197 8.66060833539 -9.02086641043 21.830542785 -9.03093150306 -9.02104488434 -9.02104338323 -9.24050024029
-8.67691914998 -8.67692881587 17.0313209382 -8.67774757557 -10.711655878 -8.67693328552 -8.6769130776 -8.67690126448 -10.2979509926
& 1 9
-20.0576530687 -30.0398675455 8.58592899588 -19.6675998732 8.15704460916 19.0870400628 31.4373760413 -14.1817134927 10.9907321486
