# 0.00122006989157
& 15 9
-5.01353802101 -6.02422623247 -3.82324114987 -5.84221581841 16.9925651643 -5.17332052655 -6.46394101123 -3.91284522605 -4.36135218466
-7.6270683785 -8.59393770739 -7.19300730825 -7.70980528307 -3.2410577083 -7.7716758885 -9.8335878541 -7.91731143206 21.9002986689
-5.68926667737 -6.04962266466 -5.09109495731 -5.82843430605 16.0475236166 -6.17725403156 -4.32153192348 -3.63375552263 -3.35345034763
-4.64638531788 -4.32374427135 -3.65495588942 -4.4520476694 -4.64006110829 -5.68028963595 6.2429175302 -6.29767180177 -4.71966621572
-4.38215666077 -4.96309090131 -5.7786087701 -3.71722473462 6.17704286311 -4.93409214747 -5.24353331226 -5.22471401879 -4.27221901051
-7.15924583634 -7.13175645431 16.9127026719 -5.31601672772 -1.16073233333 -7.92352328848 -7.25843275982 -4.96522238151 -7.23323216477
-7.08691307487 -6.43544518782 9.11410442655 -4.75820671225 0.068505509577 -6.98331609794 -5.97395224685 -1.47515715663 -5.76833458229
-9.66019640512 19.9719924405 -6.10948423078 -7.95444766698 -1.90967798458 -10.9498836144 -7.84205860269 -5.5987773619 -8.69170931147
-6.35295798014 -11.2577146661 -6.47771605153 -8.01379270907 -0.76075389722 -6.46190692953 -13.4530476808 12.2862197831 -10.7187225083
-19.095594918 3.20627117145 3.16091435187 5.73757788687 -2.33722215961 6.78857659792 7.18316650274 6.34685381365 6.30250501412
-6.23237659738 -4.79969174925 -2.72742740598 -4.77107518655 15.3472914726 -4.30944346989 -5.64730796048 -3.18061295829 -5.6520156412
-10.2322360554 -10.1706296359 -7.23486430547 -9.31710068767 -1.78174848396 -7.87659494198 23.1606571403 -9.54376672584 -8.36621286003
5.7304661123 3.74921955227 7.95354676163 4.51215370797 4.20937801696 -16.3930781083 3.73416823884 1.38289520323 7.16470643162
-7.69969391249 -8.09401696425 -6.50692301152 19.6588898533 -1.93004618352 -6.4294760617 -8.02884419385 -7.44208968627 -7.20774249241
-2.41472193519 1.54439293981 -0.0654689362988 1.44485548918 0.649946299659 -2.23512915585 -2.50746926169 -7.29243683022 1.68474650347
& 2 15
1.51173155768 -0.00479661483868 -2.12810957549 -7.07739032323 -11.2389506661 0.581213172587 -5.12219225019 -0.407553093808 -0.790658047349 3.63281918411 1.85452183799 -0.0306395356967 3.68969731026 0.0436218903041 -4.05231611379
-5.77382629734 -17.355065847 -5.67821583137 11.2017713429 11.5283222529 -10.5124388459 -6.47718776096 -17.4660844259 -12.9616945026 15.63211293 -7.0273723713 -18.1373128353 16.0901068308 -16.2350141942 10.2604995377
& 1 2
11.8533373323 -20.31971553
