# 0.164896384421
& 15 9
-1.51622582666 -1.71455322879 -1.62699914684 -2.14968811846 -1.08014559639 -2.24594378268 -2.29046704602 -1.76763736125 -1.71375798184
1.00607867046 1.05129392473 1.01321566456 1.04633982497 -23.0453183584 1.01325355112 1.01842923834 1.05633707914 1.04055630798
-1.95281810297 -0.68786843433 -1.3862725746 -0.613770708074 -5.37931790259 -1.10617439549 -1.22484449543 -0.534829037817 -1.10161414973
5.73776228983 5.8080032679 5.80948673895 5.7952496845 -21.8290817374 5.74205388286 5.7667447499 5.83912124397 5.80888714181
-0.323788693292 0.455620595723 0.467193109081 0.319601253977 3.60307865107 -0.265445100458 0.00350269015451 0.840323765007 0.463263314676
-2.43090341169 -2.89815255207 -2.47582968672 -2.20484859847 -3.70304730486 -2.62041522348 -2.46338571057 -2.02477732496 -1.53451391244
-1.90497670032 -0.706779533183 -1.44481372052 -1.03713656667 -3.72516566977 -1.27252153543 -1.53475402806 -0.706418940885 -1.08991565923
-3.74656534531 -1.56204551182 -1.5637698744 -1.02237550815 -3.95773426619 -3.36509789637 -3.96424955583 -4.09001656248 -2.37426085363
-5.71584767373 -4.72729291443 -5.45709933161 -4.76193080769 -4.89356086778 -5.11488884615 -5.17988637027 -4.76467949571 -4.85366020377
-1.78466061626 -0.534804793896 -1.4066219508 -0.541227614465 -4.61382234817 -1.4311505589 -1.25766715119 -0.268997800231 -0.500176130907
-1.99089913884 -3.12923819218 -2.41261375427 -2.48822814568 0.894954443486 -2.39473865951 -2.77822985759 -2.99992452857 -2.952559378
-1.81408194034 -1.039538246 -1.24091178937 -0.583409467003 -4.83843678567 -1.11246191487 -1.27735433872 -0.652123147066 -1.1517900341
-5.01444121847 -3.89882557435 -4.52084090477 -3.9669680338 -4.3726499784 -4.59329810061 -4.60482598588 -3.51456828309 -3.73878454735
-3.72343195947 -2.26352444943 -2.99862420123 -2.38032577138 -3.65854374055 -2.90255239168 -3.29954999805 -2.59004158158 -2.58790996509
-5.0405831422 -4.87889931129 -4.91711419695 -4.93749790147 7.31241941288 -5.00052233694 -4.93298401986 -4.85016299776 -4.88011639926
& 1 15
0.0339564365174 -14.4538564528 -2.89526385564 -16.8669243365 6.23685038477 -0.455435255527 -0.378928040252 -5.18232862755 -4.27060920685 -0.538468979704 -1.83865537854 -1.79021932343 -4.90516273339 -5.77107811396 -11.3678323537
