# 0.169670363735
& 15 9
-7.51376366435 -2.60796230162 4.07643511843 -5.6375641438 -3.62322496723 -7.50343279578 -5.53891219922 -5.53891224427 -7.5208344148
-9.59128306279 24.0067412159 -8.71326979259 -9.98365478532 -2.04319815074 -10.3195257043 -8.39025091635 -8.38465939714 -10.3761657824
-9.38276039272 37.0676082673 -9.36980967543 -9.40378932087 -9.45787660465 -9.38931429555 -9.36687129082 -9.36682678017 -9.3895447022
8.39168994887 -4.67421660012 -8.99250485542 -9.07894224839 0.237276775339 -9.81062530637 -8.85832958547 -8.85837222211 -9.87747984281
-9.78649279978 -10.4493561407 -10.2566898729 -10.9178290271 -7.89039086851 -11.2872830163 -9.51350088631 -10.3102450842 -9.90273393253
-9.90310181587 -4.93913563661 -9.31841853929 -9.14398656817 -0.130938740213 -9.97255522503 -9.20135684636 -9.2014236643 8.78650325025
-6.77403000108 -6.75979342353 -6.79314725205 -6.74075428569 -2.81093296965 -6.07740058434 -6.76437096174 -6.77808046454 -6.10293720516
-9.3708328756 -12.2890317445 -9.36823296956 -9.39696792728 36.7671298172 -9.37173334009 -9.36770380709 -9.36770043287 -9.37208904255
-9.68677285323 -6.00434801939 -9.09771036127 -7.80995551455 -6.21150220656 8.2221264703 -8.98353675696 -8.9836055857 -9.84772508942
-8.41161465099 -10.3267015026 -8.6443518216 -8.31719983784 21.4753115826 -9.04566374045 -8.62718599672 -8.65493576337 -8.64189367947
-8.02760110811 -5.3767035872 -7.83754148822 10.2197790839 3.70542949795 -7.65197051819 -7.79043979847 -7.77770660767 -7.84569265683
-5.92665229657 -5.9317395354 -5.99818361853 -5.97250307879 -1.1321585009 -6.01773007645 -5.88201210293 -5.94288428968 -5.89705641082
-8.68080182705 -7.29344415754 -8.28778883849 21.6148515319 -4.4682734962 -8.6670032417 -8.27552157933 -8.27409182867 -8.68001196817
-6.21663770896 -10.127066159 -6.21654202868 24.1731343697 -10.1791810085 -6.21667039285 -6.21652898369 -6.21654296512 -6.21659561776
-7.35625235495 0.950387076958 -5.84686005433 -3.13615631563 -2.63069831936 -7.44491147145 -1.07775775256 -1.07775808468 -7.26793155236
& 1 15
-18.5024889795 21.3135437848 -13.4206682145 -12.0792356406 4.36967102222 -11.9869850355 2.88531525083 -16.7891812318 -15.0742827633 36.8474697102 -15.2174392677 -0.463667522659 17.520669741 -12.1587254815 -23.3850512122
