# 0.222792568305
& 15 9
-8.42855125141 -7.95916087197 -8.84218950065 -8.1966200093 -0.27437562799 -8.84444972415 8.12511395613 -8.1969288339 -7.96651171506
-5.11899798895 -4.94485993486 -5.18194869843 -5.22573051826 -8.09699857847 -5.2150858346 -5.13884148713 -5.12881082596 -4.95904331034
-6.58014982882 -6.07928133477 -6.97707204574 -7.09301308915 -6.17840624511 -6.66851891764 -6.49092545306 -6.80597964117 -5.56244558061
-8.0213184219 -7.08245564023 -8.89641640244 -7.72874347978 1.69675309554 7.86152571033 -9.10498913916 -7.7292066928 -7.23322534359
-7.31106144906 -7.68995736349 -7.89152134866 -7.26846794528 18.7470951918 -7.53922533948 -7.78319183206 -7.36003464524 -8.70697016851
-8.92122052381 -9.22809309664 -9.29623263856 -9.59340208086 -5.02533342363 -9.23752219035 -8.67381126168 -8.88761110486 -9.36599196476
-7.60192593726 9.91205364952 -8.48464974943 -7.28651135357 -2.40064105123 -8.67036513416 -8.70000174939 -7.40041258341 -7.7743369007
-5.79572717326 22.3292022392 -5.7957244116 -5.79544440082 39.4437185602 -5.79572505637 -5.79572521937 -5.79544695959 -5.79574342886
4.95463644979 -3.67040624704 -7.20589299439 -5.33025799455 -2.96315562188 -7.16781149639 -7.24323192313 -5.32976197875 -1.66312401522
-7.07888871401 -7.99895141241 -8.01673900631 -6.62627982757 -3.29072949822 -8.44521356882 -8.42849702569 -6.61845917806 10.9933322812
-7.01246493699 -4.20364566266 -7.2993748417 -0.034662736923 -1.74163922122 -7.27451944923 -7.32216916837 -0.0421012603327 -4.07577453735
-8.62543676388 21.9118913078 -8.64387781176 -8.43806581418 -9.57695208508 -8.78892460532 -8.7061163269 -8.74213496929 -12.9003850884
-10.0537663294 -8.65814688837 -10.3366985847 -10.1444730688 -9.09243031165 -10.3004876436 -10.3466718186 -10.1130515819 20.3686925392
-8.00194257857 -7.58062746607 7.57401888853 -7.7473540844 -0.202866841049 -8.54719851358 -8.93714962995 -7.74749216662 -7.53483384088
-2.77883815617 -3.41837667671 -3.61059385223 -3.14367530345 -1.47701372829 -3.37194599474 -3.70492425883 -2.9584015388 -3.09715905443
& 1 15
-8.49096010686 -2.25426655948 -4.08545944875 -7.24265356595 25.1869367655 5.21765334985 -16.7871733016 -12.636512657 -7.70974880686 -17.0871451396 -7.28561480624 18.070307622 12.3440752759 -8.69719406695 -1.29985327338
