# 0.150692754249
& 9 9
-16.1064341552 -16.6079500029 39.5145948122 -15.6488776219 -19.1419273999 -17.7491034042 -16.7454172168 41.0140701986 -16.6076439237
-6.95006711969 -9.84164564637 -6.79397697479 -6.94641166208 -9.67836314366 -11.8171666883 -11.8035754046 54.5654655144 -9.84100950094
-32.5491215146 15.8047647956 10.2569406717 -35.8433365536 16.265177936 14.2238384794 13.4715548174 14.2549357539 15.8050545623
-8.6189923475 -6.38841108441 -6.00131645358 -9.35988969332 15.4789240273 -4.59480076344 45.8470078966 -7.76947971499 -6.38735447267
-28.09507878 7.80379567306 -11.3724115059 11.4077427029 21.0945447584 -21.4194682304 -21.4190533409 -30.853649964 7.80380072761
-3.19807369239 -11.5816921309 -10.2508006641 22.089513462 -18.8234767024 -16.9776271812 -16.4474784786 -12.060320643 -11.5816947847
-12.212900027 -13.9117828862 -13.3236647854 62.801401915 49.8394111547 -16.2793968253 25.989152209 21.5027921063 -13.9118077393
16.0339550164 -34.0103454249 13.5994184404 15.4844448446 -34.2772491453 13.4063659603 12.6108692443 12.0592641301 -34.0102719319
-6.69916993271 -4.91033744043 -4.8268247793 -9.30794983837 12.0723395903 40.3836947023 -3.97259975378 -6.94760148037 -4.91123386607
& 2 9
23.8727800166 7.21080255598 -28.9577293232 12.273223481 50.7385379266 -55.8953490936 -15.408409592 -17.131017417 12.3228556831
-24.6835505075 -4.59308010121 27.4515329133 -16.5919306102 -5.83291458908 -25.2252936724 5.24211282143 25.5102478429 -18.8285660503
& 1 2
2.98778164321 -16.3559971161
