# 0.117717588757
& 9 9
-8.24112792757 -7.6705486308 -7.68808927771 -30.6633247451 20.0397525633 -7.20063430006 22.8911613318 -7.68712692907 -7.37936229233
-20.1241066973 -5.57433181095 8.98704218392 -20.8861871631 -9.34095373085 -5.56102949066 13.3607775512 -5.12435560693 -4.50485430083
15.1510912089 -8.5420627482 -8.5516063643 -21.9167691099 -1.8658445645 -8.54722055891 9.95528896193 -8.52643596698 -8.38748144752
-4.26667734401 -5.98468597856 -5.26918409027 -29.0800108958 -24.4657522711 -6.00364463339 8.56744886784 -5.59301532073 17.6323442641
-7.89656469216 -8.43408743098 -7.24288825416 -5.5219052727 11.8674183406 -8.40503790969 49.3563864323 -8.17320070157 -8.25180612579
-13.1255359664 -13.1721870066 -14.67189407 30.1547506397 -2.53664821128 -13.8461964951 34.7869938905 -12.9496747423 -12.4213812043
-2.72877064114 -2.92733310939 -2.75603479974 4.39289922037 -12.893621414 -2.93063547917 -8.43865946471 -2.76787567815 -2.68811138771
-10.9644793276 13.180063191 -10.2679663238 -11.6849180473 -8.22797057642 -14.4968769702 -9.16310094438 -14.5781448345 -10.6312389176
-9.30751493488 -12.1579721571 -9.72544282105 -10.2408796188 -8.90154406391 11.3401466443 -7.99843072365 -12.1447584868 -10.6183631344
& 2 9
19.4615825953 -7.24400258907 -10.5426344327 -4.36724535812 -15.2141175214 5.35807092533 -27.0039225708 -10.4374970353 -10.2980265768
-5.267941945 -15.5495543695 -18.241025392 15.9650884807 27.593909969 -28.05050078 18.2830513009 31.9771498374 29.627053997
& 1 2
32.8355023252 -37.4427840075
