# 0.0245731785117
& 9 9
7.83895451622 6.15672941646 7.23987629021 7.33089922333 -26.0409742245 7.83325673623 6.15626589882 6.15696246529 7.57701137905
-7.59198358554 -6.5531787806 -7.78103948729 18.3669080781 -1.87142272202 -6.82163973384 -6.55204107542 -6.52787504948 -6.39454669642
-8.18703488018 -7.97608375195 21.9940592566 -8.19829250194 -2.80671051201 -7.93585705887 -8.04599444059 -7.95343885749 -7.66631912105
-8.37110148386 -8.74141182838 -11.2963481496 -11.8162065782 -1.86211232251 -8.69189824406 -8.73690794678 -7.81739135813 23.8649438281
-4.17805084687 -4.76712741769 -0.958869487685 -7.19278089172 -7.81042937697 -3.38178538278 -6.56766488652 -6.71391630981 -5.07046397665
-5.66431975127 -6.49694269917 7.41606756041 -4.99296158077 -8.56545685967 -5.6646000197 -6.51149888515 -6.51604731856 -4.99284153807
-4.46152003847 -4.97511882511 1.46813398533 0.864783530874 -0.397562336577 -4.4493041887 -4.9733452161 -4.35358502415 5.50766421117
-5.58217050377 -7.50104578696 -4.86981197289 9.62896742994 6.49646846336 -5.48996815746 -7.50105196622 -7.52235905253 -5.08672782768
13.8765373816 -1.34639783685 -6.33494328857 -6.301093341 -8.72917530346 13.8223131659 -1.35674891082 -1.32049962567 10.9220204084
& 1 9
-14.5153098892 21.4245686278 18.6796192258 15.6283351187 -0.966703056078 -18.8400315822 -17.5528048094 -15.699438994 4.96094713705
