# 0.373412598873
& 9 9
6.56383535875 6.55930609439 6.56461015313 -22.2696988802 -1.4312981339 6.6229296156 6.62084138208 6.56880398203 6.64344856052
0.59034848625 -0.810615634557 -0.223290782742 -7.30792458644 -2.71690762058 -3.442943064 -2.30547583861 -2.68474114917 -4.18698555431
-3.79098990536 -3.76232427261 -3.84249948569 -3.45235909465 -1.83033562401 -3.84311994045 -3.8594183633 -3.69205163664 -3.38565559957
3.55016326044 3.37318769349 3.3606980165 -11.7169405993 -0.280870189293 3.50248787236 3.47419896697 3.40120355802 3.48897382866
-1.39279136461 -1.05585551689 -1.34378840102 0.500924646092 -2.33662960187 -1.64847309274 -2.12569140008 -0.966575591615 -1.62079082214
-1.44622383738 -3.0432850061 -2.61434616567 0.430492887741 -0.297439110199 -1.8532968965 -2.14579657267 -3.0939771782 -2.02548262853
2.43796382071 2.64193977977 2.65922282917 -8.48785416881 -0.178249343175 2.4413417944 2.49297630911 2.59746074077 2.43633872201
5.83474553438 5.66400447607 5.59027954014 -8.83293600657 -1.99700598084 5.86685373522 5.84195254543 5.6397276054 6.10251955631
-3.92119946681 -3.8798115856 -3.35719369222 1.19306474765 1.88328309799 -2.1054292806 -1.63424330052 -3.86046861965 -2.08839877111
& 9 9
-3.77763883861 -1.2738120515 -1.15770349578 -2.40621327227 -1.69413812383 -1.54009859419 -1.61997698915 -6.15507900802 -0.880121929786
-19.100243397 -6.45068039711 3.31692654387 -12.3949968598 -0.647078356237 -4.94735674471 -11.5074946185 -14.6246993404 -6.9583934845
-1.59578332185 -4.49391923699 -2.85022839859 -5.61579099808 -3.02053235444 -5.67783121933 -3.32570279993 -7.08406558885 -3.8574035709
-13.1251775534 3.95984249398 3.8757456988 -3.90239275536 5.33803706238 5.16345608746 -0.368292787408 -6.92833480215 7.04474641798
-10.0442679158 -1.43603572919 -2.1478683113 -5.48165675074 -2.08166207445 -3.21586190762 -4.06283680679 4.81390076408 -1.45877211024
-10.5125341121 -2.14106215403 -1.92227821598 -10.3209563095 -0.80210821885 -10.5765374065 -6.05314974438 -10.8968579156 -0.46374080893
-13.7065886338 2.81133371925 3.81182125627 -6.48371136735 1.96444582646 -4.29532532641 -4.51481012587 -8.38327602491 1.14315179402
-9.3345095704 -2.78287851486 1.69731132652 -6.05437685655 -1.20335590054 -2.64072793156 -5.63892492739 -6.59251241244 -4.49053010165
-7.46710639253 -4.33837129679 -1.4909366027 -5.79720184818 -1.96800291781 -4.03840339609 -5.00618488396 -6.26329552927 -5.55444758058
& 1 9
2.97184228966 0.204985560902 4.71769999509 -7.92168320692 7.26396498888 -7.77600148139 -1.26853864644 -1.89388012615 1.12735102438
