# 0.363919865921
& 9 9
1.87581241145 0.0327297180965 2.16038623865 -10.4010005873 0.149653668113 -0.119738210318 1.77880788068 1.83931616969 -1.81049482099
-1.25941966464 6.0388987464 0.407588655069 -8.88480714536 -0.0859083014708 6.07734000072 -1.22604211524 -0.9230017468 -1.60599752218
-3.32319907946 -1.84531305809 -3.63417942973 -4.32299297325 -0.488431889116 -1.56827957417 4.22471650839 -3.11290206824 -3.65745125753
-2.79244490522 -2.2820440459 -2.916167068 -3.75447139273 5.85809033302 -2.32840554885 -2.85085090593 -2.33007214219 -3.04748313855
-4.97248619094 -5.28468094859 -4.82776856067 7.32346716211 -0.36989906804 -5.32280860409 -4.92581568113 -5.02458003468 -4.5523876403
-1.14615834318 5.49324142247 0.663899130358 -8.31605018151 -0.170536930202 5.45888887544 -1.13501400113 -1.37341582106 -1.34370133384
3.42964715152 0.591407681382 -3.17795277847 -3.54056427573 -0.52739589162 -0.850493552381 -2.61354913135 -2.62605705667 -3.00691892672
-2.72077958939 -0.748599233133 -2.74854346653 -4.1840545789 -1.51429030072 -0.654461072029 -2.57536816519 3.35043532357 -2.88220258404
5.52967027939 5.27594803229 5.54140898929 -19.1394291558 0.0177701427347 5.38365076411 5.61426735282 5.59069736442 5.62308558681
& 2 9
-2.56305256001 0.999503147177 -0.0224820622054 -3.96882493894 -11.260365878 0.0999648612265 1.09379332348 -1.65790085449 -13.4289593568
15.951931363 -11.3100512274 -8.55226088269 -8.56904392053 -10.2340367939 -9.56339806015 -9.65064647042 -6.53917104825 -12.2593602485
& 1 2
11.2697513492 14.2164900585
