# 0.034066672338
& 15 9
-4.28062347087 -4.26772490291 6.51109156607 -4.35725693816 -13.9797679138 -4.98983452638 -4.35111886496 -3.24512110457 -4.35552018384
-2.26124780756 -2.26118499068 -0.925920847195 -2.77205704112 -19.306019101 -6.00350424579 -2.26122899972 2.88299007394 -2.6490177117
-1.23451598931 -1.23459439621 -3.64599804287 -7.39392169673 -5.56361214927 -7.69485501377 -1.23429626674 -2.94774122288 -3.94869918208
-9.67533964322 -9.67536444971 -9.83222550147 -9.67659714554 -2.88334219742 -9.69548405861 -9.67603668314 35.149808415 -9.91540298836
-4.43813278155 -4.28206995592 -4.15993686834 -4.673339993 -4.26432758823 -4.32975647521 -4.21704697989 -4.38383055412 -4.18444944363
-7.18156295511 -7.17974248032 -7.0717047737 -7.47145373249 13.3787214317 -10.9435274767 -7.17956194782 -1.75293750874 -8.29858904112
-9.77875684542 -10.5666673642 -8.84253982747 -10.6531789261 -0.237473026473 10.6444529871 -10.5722104003 -6.80111946609 -9.47514851816
-7.06360192089 -7.06356674018 20.4035864962 -6.88415292319 4.51335150131 -7.10600209407 -7.06218719813 -10.3917687102 -5.06622814019
-7.56933087673 -7.56933210381 -12.6222646432 -7.11177349464 -3.08383265048 -7.59803186627 -7.56934323108 -8.11049702387 28.6504974307
-6.38301781918 -6.36637498727 -6.19295455941 -6.32037314596 -8.39380676794 -4.89601366034 -7.47061966308 -5.88014359874 -6.79351164874
-7.56270598555 -7.56300703672 25.8322356816 -7.62799813816 -22.3362104398 -7.1486460551 -7.58598745857 -8.75349625945 -7.15759319283
-5.56118007229 -5.5612579876 24.6022488036 4.73312805154 -1.37805069684 -6.69759092923 -5.56119360959 24.3995722075 24.4542486696
-7.98967791408 -7.98962842742 -7.65551145978 -6.58061133951 -0.646617369867 -9.08686654199 -7.98940791972 -5.95146862858 10.492836119
-4.87954591046 -4.89023039965 -2.79279909261 -4.87011429304 -9.70061099576 -2.38986435837 -4.78154352782 -3.93275502208 -2.51755020872
-7.41755373234 -7.41948100939 10.520190113 -7.42137472197 -1.24498369289 -8.56443532357 -7.41035038243 -5.9089193002 -8.47160492037
& 1 15
-7.5857748292 -19.5968509638 -17.6216830817 16.8281616891 -0.602689540699 -16.0954640937 -10.3479873824 15.5119733973 15.9821473693 -9.86489045773 11.7301136369 -9.88173152726 -19.2053785829 7.19893559482 -16.3279942981
