# 0.0604448372714
& 15 9
11.2381419183 -31.943092341 15.0752605942 -26.4473043691 13.8269634565 11.7151266184 -29.9541448428 12.3881268642 11.539173533
-2.67371998987 10.7738191752 -7.61147054762 6.09860502672 -10.166321686 -8.60002710299 -14.5885120893 -7.23610529821 -6.96293711539
-12.8375297512 -12.4140276235 -14.832882194 -13.7786221928 29.795272555 31.0349662812 -12.1785509488 -15.2195362085 -9.15348711673
12.205420926 3.19528777097 13.3182813031 8.12116208099 -34.2605168657 -12.614178396 9.16340865446 13.3146040291 -12.4791517097
-11.1076677473 38.7175343982 -4.65690340791 -4.71851193773 2.33735639474 9.33200480013 -11.2007335115 -4.65700375335 9.32341800444
-13.3368537998 -13.7512565303 -14.1094675098 -13.6398812942 28.993654861 -8.56376293025 -12.2316088086 -14.1328065759 30.5589048914
-7.68130116046 22.0466797801 -8.71458662429 -6.98875528223 -10.1677976594 -9.95101387448 -7.17868945504 -12.068779081 -10.7453150442
-11.162373906 -10.7136739637 -10.9776571623 30.0693254755 5.82167865007 -12.3567741439 -23.8893116949 -11.2649833916 -12.8966062402
-10.4232462417 -8.82905242132 25.0226463764 -11.6414926962 -11.8403667232 -11.9268154773 -8.7883265121 -8.18126245997 -12.0051647801
17.9255202035 -14.0238956217 -12.1188516904 20.5122347455 -11.0797693659 -11.4776099144 -21.4900581963 -13.0417331408 -13.794167115
-11.3651898116 -11.0768970299 -10.3721914691 -9.87145964435 -14.0408084005 -9.65092129323 -11.1714827585 14.680718522 -9.17964286138
-11.0349592899 -11.631960552 -8.71093284023 -11.5931318133 -11.6324689316 -10.5968589737 -9.45000356636 23.9680443011 -11.362064074
-9.88670703672 1.12163705519 18.0756272057 -10.6797624522 -10.2752724153 -10.2355966028 -11.6423375016 0.966018763824 -10.2447387292
-12.7026646545 -15.6072846354 -13.1812965635 -10.5888489661 -8.99326531378 -11.2191638962 53.7213157836 -13.1798708989 -11.1896155106
-7.46900000091 11.6811369916 -7.70540935384 -10.3535442382 -13.0479091437 -6.29023961545 -9.72966311165 -12.3647384397 -5.27841451364
& 2 15
-17.0821642229 -12.8573588786 11.7865144399 8.99595775043 -13.4114908697 11.626244351 29.332051294 -7.19110741857 27.7257129324 3.64366383748 -28.1809515046 23.9101708881 -30.6590273912 -14.933418065 -16.9764138914
13.1851419508 10.6241770054 -13.7126139 -17.0472666611 8.64134827602 -13.0754830829 -22.9847459149 9.50213081061 -17.6812665654 17.1783809322 17.3079190693 -11.86578282 23.394770548 15.0486366901 34.1391291777
& 1 2
44.2375380129 -34.344712122
