# 0.00589726432509
& 15 9
-9.295008095 -6.89353903206 -10.1701424367 -8.15840967992 27.0068981129 19.4400884886 -7.4510903186 -7.89909190154 18.8476431758
23.5721966854 -8.27004480046 -8.58729642332 -9.54177732876 -1.21407695426 -9.47829255586 -8.34354313052 -8.74283829006 -9.47627631216
-1.71255111993 -2.6333887167 -2.13294016857 -19.5541462744 -27.7974162911 15.6822383213 16.386980522 -1.81616638044 16.0306582108
-4.12162558573 -4.24507766897 -10.1357700249 21.1371637702 -7.48701874329 -9.00188487211 -9.40188315653 -9.25010257568 -8.76843064947
-5.51724465671 -5.07609947578 -2.02676307039 -11.2187900444 5.0068629424 -1.06352195712 -6.16801852108 -1.95532552245 -1.3231331043
-8.12040881208 -8.31479773456 -8.04651084491 3.0546308593 -17.1885800415 21.3670997813 -5.26023041899 -8.43338258572 21.3738234766
-13.7454957336 -14.371894913 -13.90641625 -10.9951179681 8.81667869551 8.99128738237 -8.66822923363 -14.0074453813 8.97098274852
-4.71956766839 -3.805821394 -6.69625270196 10.4350179343 -4.69616694278 -10.5512158927 -10.539442186 -6.41624438377 -8.84500877161
-9.31306782543 -9.01631305515 -8.11768528252 -10.3877677369 -1.62881859065 -10.3769371813 -9.77016893059 25.0088614574 -10.2490632532
-10.517110803 -9.68037353338 -8.17080582633 -9.57226350367 34.0555499842 -10.7060707277 -8.73219305943 -9.76543098541 -9.83914570579
-8.01887851071 23.1221765232 -8.21377163149 -9.13800585363 -1.97032511694 -9.17584771433 -8.35634913647 -8.76004881724 -10.3223058991
-9.38374646223 -7.47855624385 -9.30870646505 -10.162456205 13.95793075 15.409984137 -9.78615259248 -9.36613465792 14.3013850538
-4.615211491 -4.25791032781 11.0272650019 -18.0675266394 -6.50621355613 -7.67590737704 -10.3812206536 10.7833865011 -7.31691406384
6.84497091465 6.57010462234 8.15390494313 -18.8238788426 28.0754929411 -19.0449639667 7.56717733088 8.4441784189 -19.0386254138
-8.66517278115 -8.70858282028 23.4812698135 -9.78020490553 -1.51947964965 -9.62869221661 -9.46219225 -7.15024224984 -9.49944154723
& 2 15
-14.0356809831 -8.60325123437 -9.82436797338 -7.62377307711 26.2623429799 16.5325541238 -11.9030787701 25.8255493313 -14.0350904639 -23.6441250585 -7.7345195862 16.7044502094 12.0274274669 22.0249386735 -14.174933994
8.83726626876 11.1176448213 3.63752241256 2.1696614073 -28.55897059 -10.842129488 12.9068833751 -20.0266980863 14.9087745669 29.8461635291 9.75542216297 -15.4597207939 -9.67960401547 -25.3540311116 15.2369855523
& 1 2
-17.8497810187 28.6126542943