# 0.04398222561
& 15 9
-4.55401894539 -4.47325495012 -4.77075459283 -4.37523807523 17.5437538344 -5.06273570208 -4.60557051593 -4.25462212029 -5.40084858508
19.4242565751 -7.14063419748 -7.12252200054 -8.18576643313 -1.7212685348 -8.8068404689 -8.58598233768 -6.96307385123 -8.48596106832
-3.05274522114 -3.15184445644 -3.06093804912 -19.6888244191 -30.1955464107 9.13683079206 11.8828528072 -2.76176463713 9.12832556072
-4.30285728543 -4.28442603851 -4.21961623278 25.9749773314 -7.12008136615 -3.95982576357 0.178260456747 -4.14531693683 -3.89426746721
-4.83412888878 -5.05220059437 -4.98753258229 -5.57502058599 7.38163808104 -6.05733510599 -4.65203273542 -5.94818513091 -6.14692980976
-9.20529841738 -9.20483429532 -9.20577781623 -10.7392844284 1.64519337956 14.5191785174 -9.03152342252 -9.20359333171 14.2537106908
-9.64903974667 -9.58665893425 -9.63435391632 -9.5276811632 4.81637692302 6.98173306103 -9.49035977514 -10.0614618965 6.91700987479
-7.26740583678 -7.0214542892 -6.26907932996 0.640812001635 -0.199862914755 -6.93045697003 -8.62468363585 -0.200196515499 -6.53888074802
-7.28739734656 -7.30392489431 -7.57944689503 -8.11225590763 -1.85011196498 -8.7553309682 -8.85438770101 19.4985432155 -8.36922490723
-5.01088715658 -5.32928050999 -4.78603429395 -4.34829272822 18.5174297523 -5.62759333835 -5.38217961846 -5.35902459476 -5.43057327822
-7.16462181213 19.3421500464 -7.08484085863 -8.04859286039 -1.70320383161 -8.76989373931 -8.64598650703 -6.99899367084 -8.53402094496
-5.31744833902 -5.54919221014 -4.59440488432 -9.24249536231 6.14522856503 0.794263605916 -5.3846469764 -3.88220832796 0.790175624096
9.17615002597 9.17451906556 9.17157960699 -6.83060686632 -4.45882173325 -6.58053434177 -5.56404554396 9.47197210156 -6.629165293
5.16057088926 4.47195721546 5.76772862137 -18.0777201091 25.0769825958 -14.274085687 6.37166019379 4.06167578022 -8.75377460876
-7.07582020624 -7.04532965711 19.4025158689 -8.06168331203 -1.55215528192 -8.82587335718 -8.74367618557 -7.05551092118 -8.27762540684
& 2 15
-17.5803510296 -13.4878226838 -10.1706708617 2.06669489994 13.8268378432 19.2415597152 -19.7286341775 6.74597742818 -14.0829062419 -18.9492114831 -13.4648215203 16.0258473238 15.5436532355 17.5560387941 -13.6084304402
5.56152608416 4.14688743908 1.25655401289 -1.6393775189 -19.3186584528 -1.73249165509 7.90841647796 -10.7556613413 4.16196383675 2.98688751291 4.1478580457 -12.3847723767 -6.43381937743 -3.31013322431 4.16516590667
& 1 2
-21.9040609731 19.0419144
