# 0.061571700888
& 15 9
-1.67064684323 1.44979749676 -14.3529021022 1.41015289787 -14.1819138629 1.33516181283 1.32068262805 1.37228457364 -13.8204005181
-5.39549370055 -9.99453947109 16.2894756277 -8.96396418725 -0.508079245321 -8.23476734351 -8.55789229256 -9.08868001966 -5.57357174723
-4.68842742272 -3.16623107495 -5.44218569785 -3.34493806905 5.74886171289 -3.5880273992 -3.7993519925 -3.37934636089 -5.37148441484
-13.6090300787 -1.00804305692 -13.4043151236 -1.08343361512 7.6630584181 -1.15719474824 -1.16490670212 -1.11354160974 -5.99416085766
-5.75314688255 0.59426412755 7.64673697564 0.510986219944 1.49377426984 0.515643375971 0.483731280531 0.48060262398 1.03227377207
-8.2176760097 -7.74112593849 -9.3539219666 -7.81105813134 -1.75731029822 -7.78431159406 -7.88669866409 19.7316359267 -7.30752737889
-8.44037303983 -7.91998964603 -9.89308840836 -7.9143889441 -1.72609353226 20.3676106316 -8.23478839344 -8.15683153504 -7.61932646955
-8.44417363446 -4.58294720855 -13.5161839456 -5.62304319104 11.0110006446 -5.48585363292 -5.51544176668 -5.57511232312 -1.90020378752
3.66317696392 3.73614067609 -24.0601260025 3.73378563444 -29.2297939223 3.72974411307 3.72898523649 3.73155772924 3.84837200672
-5.67672978531 -4.05539213208 -6.77478870244 -4.06557164615 5.0679991539 -4.43610994654 -4.22586774117 -4.29020832603 -4.52689832025
-5.66953330949 -3.98847605655 -7.40896415759 -4.27959726719 5.97248560235 -4.25752021374 -4.31201272336 -4.28219170373 -4.84546078729
-7.86811075611 19.4103612036 -8.82126878764 -7.71194133917 -1.99343423892 -7.69947636953 -7.61866432747 -7.76154474773 -7.13027920198
-8.31499745174 -7.82599236275 -9.44052887173 19.9108918184 -1.70851881882 -7.9795629677 -7.97286552438 -7.89828308211 -7.34312979439
-8.36468446113 -7.99770417334 -9.70136910759 -7.92560219313 -1.64980455919 -7.93481784909 20.091090351 -7.97342986521 -7.4753773456
-5.30687387101 -4.20453956185 6.8053760031 -4.07648982005 -5.65817584045 -3.96495259406 -4.02862760567 -4.10284207298 -5.8052845854
& 2 15
25.3936240249 -12.7120503022 1.54009030906 25.1264023496 10.3926988905 -14.9074641107 -14.5924828625 -13.7141223403 7.75450192373 -2.65179665416 -3.05191298624 -15.026530006 -15.1041200661 -14.5956649406 4.42044008182
-1.59942080714 4.28673229625 -8.37476833705 3.48888934484 -3.49853428506 3.76839850591 3.7729339619 0.562436386928 -3.35854430594 -7.83765200918 -8.98427396302 3.7828958561 3.76913054285 3.77053318347 -18.5649608816
& 1 2
-21.938071728 12.6644862575
