# 0.0742193796477
& 15 9
-6.0323853621 -3.94955134744 -5.48666921949 -5.40828663995 19.0108633443 -5.15791103184 -4.76916416558 -6.59672866092 -6.35925305374
-11.4153001361 -8.37461072361 -9.96887497451 -9.84128241506 -1.58471332083 24.8117364983 -10.7031766698 -9.93237039556 -10.5202807021
-6.26308985225 -7.21744434284 -5.85855825123 -5.1009308305 19.7008035575 -5.7840578906 -6.61958272982 -6.43604757316 -6.07631959156
-19.0515410181 -15.3375803163 4.10857644058 3.80187355359 -39.669462276 4.30960827377 -12.0143308364 5.36437066451 5.78337147961
-4.65402468338 -4.8152944565 -6.96946550729 -4.93774947482 7.93076618336 -5.75782644466 -2.06887007854 -6.77414170342 -6.03694591721
-9.93871395228 23.3816805188 -9.45542010875 -9.20468798603 -1.28262751514 -7.73579264032 -8.52069370137 -9.23073056523 -8.71146748546
-8.80850516921 -8.19708103963 -8.49779096024 -9.26104992415 -1.75419685501 -9.97278951096 22.8217865065 -9.07832833181 -10.4697843379
-7.42617854178 -6.30871107052 -6.83076898168 -7.28187655874 -5.175797572 -6.04156432693 -6.25204918631 -6.73996891806 9.40912938488
-7.23473848384 -7.12461454421 -5.49284016948 -6.31782815035 20.120560514 -6.87610832119 -7.74388707508 -5.72755605388 -6.54238236601
-22.2240108464 11.0963128264 -6.72317018888 -6.72916239668 9.1634914357 11.6150271417 -6.07201898 -6.77297855841 -7.16254208758
-18.7889464595 -17.7639141895 5.71936337543 6.36705629088 -21.29762121 -16.2060086785 4.98300929578 5.00762957949 8.64766639064
11.0392023077 -9.33133298715 -9.67023662479 -9.79750791991 -4.9954138383 -8.51790303872 -9.88444850148 -9.3100613731 -9.40807369238
2.07710873851 -7.86112327921 -4.70000728162 -5.78464749075 -7.65263979507 17.9363471417 -4.38459141557 -4.5728203491 11.4118568869
-10.205987552 -8.66653314638 -9.41586276802 -8.75913200875 0.341981336999 -10.0483849501 -9.48896424856 -9.31595577892 22.9792689755
1.32374293522 11.2276456765 -2.21967385187 -2.1552575414 19.9014967423 22.4709946954 3.02855155169 -2.14947734994 -1.11407050425
& 2 15
-10.52599775 -18.4145928956 -9.49532650119 -11.9804910406 22.0432212756 -18.1245122399 -10.7787477216 18.7783003308 -9.96121211042 26.151885489 17.7440387583 17.3326133966 4.53219815044 -15.9330141888 8.8153019988
-0.0886601474821 -24.4156499597 -5.00630470339 -17.3770785247 4.3300459152 -11.8735169061 -14.7496042547 -1.72340096562 -6.1127214582 24.7188006723 13.3786256013 -15.9701986626 26.758105699 -13.101645959 37.6226644865
& 1 2
-35.4345970174 14.5664213487
