# 0.0980727266612
& 10 9
-2.69247184918 -0.641010688739 -10.3711919099 -10.4002889336 -7.76268704762 1.75062627335 -10.405183096 -2.69247273454 -10.3954376196
-11.3523454687 -11.3514407296 -12.1048427566 -12.13146118 -9.39161016578 -5.66948323775 10.5935043027 -11.3523469368 -12.1495238974
-11.3218772626 -11.3209758441 -12.0898109554 10.5602974709 -18.0446215712 -5.56045886481 -12.1314275961 -11.3218785779 -12.1359854174
-8.94700058376 -8.95436490069 -9.71867059451 -9.71862044725 33.7461481464 -10.3975609315 -9.71856923601 -8.79386984021 -9.71867456509
-5.50351733861 -5.52036034858 -5.47424530904 -5.41348550439 -2.62092913127 -5.96972103668 -5.40950643713 -5.50533711618 -5.4121135214
-11.278681061 -11.277787804 10.5145539465 -12.1136398333 -9.14521246052 -5.21927899391 -12.1266586117 -11.2786819803 -12.1323495628
-11.3826024076 -11.3816958372 -12.1357089024 -12.1638243823 -9.40778798794 -5.49603797918 -12.1770029637 -11.3826041411 10.6281368716
-9.06023284082 -9.03361363807 -9.53109294907 -8.94297626434 12.8518558693 -6.5357115762 -9.68129268929 -9.12707645523 -9.65816004911
-0.230825855753 -7.30169443015 -7.4389344715 -7.43893855827 37.9433094544 37.9433086729 -7.4389412449 -0.230791165023 -7.43894206403
-10.0153681407 -9.68850885953 -10.4682355954 -10.5001406281 -1.70552133609 27.4965036702 -10.5094470483 -10.0177237785 -10.4955918198
& 1 10
-62.6180395146 -18.7083678123 -18.6973570751 14.7706660847 3.7110681118 -18.6616356865 -18.6786214804 -33.1835646301 -8.25074265348 22.2795507291
