# 0.499999325842
& 15 9
-2.84161562621 -3.26959695899 2.65901262468 -2.96877982069 -0.488347047595 -2.86105484639 1.98820007874 -2.76276598319 -3.04076535835
-2.09853874588 -2.42055601153 6.27143744597 -3.29871446637 -0.569088455327 -2.27866962394 -2.86707514378 -2.93144242563 -2.86359008896
0.985690509554 -3.65798983347 2.77281638398 -1.92427295356 -0.160917220132 -2.67630091355 -3.06557728906 -3.2092178356 -2.85531398929
-2.35813027568 -2.6288733018 2.68320066826 -2.73296922625 -0.282817566863 -2.1065134982 -1.35263341403 -4.37840492366 -0.836430349779
-2.68972027236 -2.83582153483 1.54151204426 -1.43148893177 -0.367202135213 -2.75564319119 0.149148850194 -2.19489727902 -1.94805188995
-2.46607154316 -2.14492689404 5.05825320811 -2.03616112261 -0.448782223891 -3.28903715279 -2.57627045464 -2.5658578422 -2.64166565171
-2.63532521424 -3.44499684847 3.06864442972 -3.25643412876 -0.22427759963 -2.94971385096 -3.08593754781 -3.34358228237 1.83287352353
-2.63995567194 -2.54884808728 1.20900133988 -2.88242580571 -0.019075363491 -2.03629309525 -2.3464632971 -1.17120090746 -0.531001436146
-3.47565337543 -3.56139977985 7.3427028526 -0.906711852586 -0.266146270857 -2.96871939494 -3.36614147499 -3.58014148751 -3.17075027499
-1.89950116104 -3.20527917307 1.51678948328 -2.22863726201 -1.09252557661 -2.33968147365 -2.82502166808 0.912677019323 -1.70125021061
-2.21616690881 -3.25875923589 3.7234965476 -3.07663387217 -0.046140757815 -2.3510478405 0.00108751965166 -3.04243172154 -2.89285600903
-3.33177418745 -3.63305065941 8.47248216888 -3.67459606187 0.113119465132 -3.27533027601 -3.54067800845 -1.66289583029 -3.54812599492
4.41543647395 4.46437587735 -11.3829489107 4.43108832339 3.50344084108 4.43129295764 4.37441066156 4.39405628166 4.36539542407
-3.47960883881 -3.50081194664 10.6785970102 -3.64154068311 -0.0645059936436 -3.33878920534 -3.56503952657 -3.55999250372 -3.50208053313
-2.24817531587 -2.4704066337 0.896070322389 -2.49078773191 -1.25400662545 -1.76857366446 -1.72035098167 -1.39302325199 0.200473416713
& 1 15
-4.3139691268 -5.05156872663 -4.0761710053 -3.50545847499 -3.28233915666 -4.22537918961 -4.37890390239 -2.89085848746 -6.29807464503 -3.55678562854 -4.12955769361 -6.91390839214 -12.8061796218 -8.0733343714 -3.29232436728
& 1 1
-13.9381720744
