# 0.159296916671
& 9 9
13.1511957429 13.1365257825 -29.7509620803 -36.1391224067 -26.5764348263 13.1636727717 13.1498180747 13.150531643 13.9732351098
-7.72399492459 -7.71190883874 -6.22017790529 -6.93929616447 19.3286154287 -7.86662377007 -7.84452708969 -7.78944697397 -6.51727009617
-9.75221064768 -9.74916888098 13.2179080074 -14.5334238004 18.815702476 -10.6606961029 -9.76085950524 -9.75822270596 -8.8834897008
-8.43976213795 -8.40510310467 -11.5058072133 1.21563875311 -8.62044522918 -8.47138545678 -8.57861385149 -8.56246756827 -12.6553983302
-11.4562197456 -11.4562652764 45.6988512711 -8.2690231077 -13.056234673 -11.4469145663 -11.4561268321 -11.4561554184 -11.3850422433
-7.24222349698 -7.63116403718 -5.88868429051 -6.22344578291 19.1215044881 -7.15105051094 -7.17452102841 -7.19105892661 -5.70105394184
9.59128592707 9.59186854139 10.1235347523 8.80485839226 -39.0418647552 9.52804701475 9.59066669795 9.59084681457 9.7602287113
-10.5689662859 -10.5688901312 -10.5404691143 -10.2218733494 20.5276148115 -10.5689548733 -10.568695813 -10.5689513609 21.5149640771
0.796094300492 0.79587217918 -7.40392866312 37.9771908572 0.281807769532 0.795521000226 0.796098560696 0.796104791977 -10.2509437765
& 9 9
44.0992469679 -5.44202054239 -4.47210946052 11.5589805467 13.8457669107 -4.24516872358 -48.9328072292 -13.1901117883 43.3842457214
3.31927167641 -17.8193463349 12.166720068 23.1487355722 1.36991222238 -14.6661025079 -20.6069521441 13.0576306409 2.85236226805
-8.92526690237 -5.09209539108 -2.30956231277 -1.78099218887 -9.61568182867 -4.2653202356 -10.7427926122 -1.93312332456 -7.56528383208
-10.8702261412 9.97625173624 -5.22939809503 4.02916280219 -4.59799131165 9.95320550451 5.1257192177 14.5678903255 -8.22175636811
-7.05084838119 -11.7522847594 2.84005532947 32.0897187898 -23.3841420672 -12.1171580492 -14.4518874545 7.98676277848 -16.4682205043
-1.63840679046 -4.60964387009 -1.01612113421 -0.698259405448 -5.70599985524 -4.01150775643 -9.85721626565 -1.75898717997 -6.2130599266
-2.99707857778 -4.02080200059 -0.904857044598 -1.38977041872 -1.79920347344 -3.84878724689 -10.5919093488 -2.16837396151 -2.61902899107
12.0493874682 -4.39415062642 18.6108405254 -3.17605661908 7.54742117467 -3.52750824011 -12.9780545841 -11.0852460388 -12.0993148901
-2.53941412351 -5.00158878737 0.411903829956 -0.782019800521 -5.59310504131 -3.20170842124 -9.37037428541 0.344518919161 -6.19227253689
& 1 9
-1.40572606112 -16.2034616282 -6.14720324265 9.28948695706 -13.8930556108 -0.789358129336 -2.59043177111 -4.43922016417 -0.738475632528
