# 0.226057545931
& 9 9
-7.79526015747 -8.06125364778 -8.06160865854 8.50258670587 -8.87861137503 -8.40927699075 -7.83421196028 -8.08274707787 -8.0609023279
-9.66837273628 -8.67335763387 -8.67335762592 -6.50160239223 -8.07074159037 8.09841809087 -8.67335791835 -8.80120849885 -8.67335776204
-8.16739290741 -8.96617174108 -8.48193353545 -7.08346441383 -4.25361316466 -9.05141926593 -8.52208347815 -8.59441346601 -7.50796173579
7.90399889992 -8.91711468401 -8.91711472018 -8.03292408208 -8.71240795887 -9.49022117154 -8.9171154101 -9.06762280465 -8.91711505018
-7.65539312769 -7.64902392415 -7.63267581488 -6.95370469619 20.3270787811 -7.62956500937 -7.71724667699 -7.63057249136 -7.63824780876
-8.75604428903 -8.75758399225 -8.75758183631 34.7212116616 34.720567498 -8.75604554661 -8.75759149011 -8.75605226854 -8.75758257726
-8.67959460328 -1.4986485403 -1.49864874568 -5.04077376899 0.346766084101 -8.04192591535 -1.49865331618 -7.56404825454 -1.49865109004
-7.91517315711 -7.92263019787 -7.92262604141 19.8526547533 -11.1322172172 -7.9101811219 -7.85495922066 -7.92060438876 -7.92258799804
-9.08575897448 -7.18927571408 -7.18927572693 -7.34393179306 -6.49260403083 -9.690303663 -7.18927639613 5.19464348143 -7.18927606337
& 1 9
-24.1200871712 -12.3174312679 -3.90737486378 -17.4654388633 24.116705937 -11.8380749634 -29.1837827016 19.6145575774 -34.2060254466
